#OTU ID	SRR11796889	SRR11796890	SRR11796891	SRR11796892	SRR11796893	SRR11796894	SRR11796895	SRR11796896	SRR11796897	SRR11796898	SRR11796899	SRR11796900	SRR11796901	SRR11796902	SRR11796903	SRR11796904	SRR11796905	SRR11796906	SRR11796907	SRR11796908	SRR11796909	SRR11796910	SRR11796911	SRR11796912	SRR11796913	SRR11796914	SRR11796915	SRR11796916	SRR11796917	SRR11796918	SRR11796919	SRR11796920	SRR11796921	SRR11796922	SRR11796923	SRR11796924	SRR11796925	SRR11796926	SRR11796927	SRR11796928	SRR11796929	SRR11796930	SRR11796931	SRR11796932	SRR11796933	SRR11796934	SRR11796935	SRR11796936	SRR11796937	SRR11796938
Otu25	1792	448	469	2	53	57	34	299	110	1	4	10	633	4	680	339	0	0	0	2	84	63	0	2	335	527	33	68	355	2	0	93	7	1	11	667	191	30	1	1	0	8	6	6	19	8	1315	572	1	0
Otu63	86	25	0	0	0	0	0	0	0	2	0	7	6	4	1	0	0	0	0	0	0	0	0	3	1295	0	0	252	2	2	0	0	0	1	1	1	0	0	0	0	0	0	1	1	57	38	0	0	0	0
Otu57	395	159	0	0	0	0	0	0	0	0	3	0	0	0	0	0	0	0	5	0	61	41	2	2	249	1338	0	72	789	0	1	0	1	1	1	1615	690	0	0	0	0	0	2	0	1	0	0	0	0	0
Otu241	33	23	0	0	0	0	0	0	0	1	0	0	0	0	0	0	0	0	0	0	0	0	0	0	0	0	0	0	0	1	0	0	0	0	0	143	2	0	0	0	0	0	0	0	0	0	0	0	0	0
Otu9	5449	2274	128	5	16	553	97	915	258	8	3	674	8	172	3	147	0	0	0	1	2	0	0	2	13	800	7	2	865	0	3	254	29	1	1	20	9	7	5	269	1	1347	1	0	100	53	525	168	1	0
Otu60	279	170	100	3	11	8	6	374	109	1	3	19	118	7	49	213	0	0	0	0	12	9	0	0	44	0	304	11	0	0	0	146	23	20	29	513	58	329	0	13	0	46	0	0	84	89	9	0	3	1
Otu4	4428	1749	433	15	55	7	3	7930	2408	5	21	6117	9229	1147	4305	808	15	6	14	18	5667	2121	29	15	2166	8065	72	571	4653	30	30	5276	1491	14	3	10807	4306	43	4	2096	5	6063	14	3	4565	3951	6581	4111	22264	3
Otu19	1771	934	8	0	2	2	1	548	123	0	0	887	25	171	35	0	0	4	0	1	300	91	0	1	3	1760	1	0	933	2	1	2	0	0	0	1	1	0	0	1	0	0	0	0	175	124	8	0	0	0
Otu76	646	392	0	0	0	0	0	0	0	0	0	0	0	0	0	0	0	0	0	0	0	0	0	0	0	1	0	0	0	0	0	0	1	0	0	1310	247	0	0	0	0	6	0	0	15	0	0	0	0	0
Otu7	3302	1449	340	0	47	821	891	0	0	0	6	809	2171	85	1214	0	2	1	3	1	2444	750	2	2	218	1333	2	55	633	7	0	227	34	0	2	356	114	0	1	1	0	8	11	6	189	136	19	0	321	2
Otu39	1413	576	0	0	0	0	0	398	71	0	0	42	605	5	422	0	6	0	0	1	692	241	0	0	56	0	0	7	1	0	2	876	179	0	1	0	0	0	0	150	0	602	7	4	0	2	6	2	0	0
Otu143	120	42	24	0	2	0	0	0	0	0	0	10	23	0	9	0	0	0	0	0	24	6	0	0	12	8	0	6	14	0	0	0	0	0	0	0	0	0	0	0	0	0	0	0	3	18	0	0	0	0
Otu161	255	80	0	0	0	0	0	10	2	0	0	0	2	0	4	0	0	0	0	0	0	0	0	0	0	0	0	0	0	0	0	0	0	0	0	0	0	0	0	1	0	1	0	0	13	5	4	0	0	0
Otu11	1031	956	169	0	18	321	38	564	177	3	7	446	787	57	414	129	2	3	1	1	350	114	3	3	1015	454	349	311	310	10	14	432	43	32	89	2136	908	278	3	391	0	787	2	2	140	149	1094	427	9	1
Otu2	4601	1552	3214	11	256	3157	2058	20879	6895	14	27	3901	7103	873	3137	634	12	3	14	10	5486	1751	50	34	5469	4521	141	843	4115	35	13	12391	1897	577	766	6317	1935	113	12	873	1	4291	10	3	4621	4217	4571	1909	5869	10
Otu26	859	331	334	0	35	0	0	853	73	13	0	57	81	19	63	0	3	0	6	2	176	43	1	1	3017	174	5	526	128	0	0	0	1	0	0	28	6	4	0	3	0	146	1	0	326	168	0	0	1	0
Otu12	1166	459	311	0	36	261	118	313	92	0	0	7	1367	0	711	0	3	0	3	0	46	16	4	0	108	1	0	14	0	2	0	1233	65	0	1	229	115	0	1	59	0	488	1	3	852	616	694	183	2	0
Otu17	755	343	374	0	45	923	206	532	127	2	2	14	704	4	413	23	2	4	0	0	849	304	2	0	107	2728	6	12	1558	2	4	1672	214	11	15	695	275	5	0	59	0	171	1	0	220	255	150	79	1	0
Otu51	171	72	315	0	42	43	22	372	65	0	0	8	181	0	68	0	0	0	0	1	61	23	2	0	23	140	7	6	72	1	0	425	70	1	4	128	53	1	0	1	1	23	0	0	233	208	260	60	20	0
Otu64	581	284	8	1	0	0	2	0	0	0	5	492	1025	64	567	186	0	0	3	0	659	236	1	0	6	0	0	2	0	0	0	0	0	0	0	2	1	1	1	0	0	2	0	0	29	20	10	2	2	0
Otu8	958	466	1545	4	208	661	779	19	7	0	0	0	14	0	6	225	0	7	2	0	388	192	15	2	4730	272	385	865	206	1	1	1869	85	14	65	231	38	324	0	67	0	483	0	0	37	12	145	40	1	6
Otu80	590	148	0	0	0	0	0	0	0	0	0	14	4	2	0	0	0	0	0	0	2	0	5	0	416	0	0	79	0	0	0	0	0	0	0	0	0	0	0	0	0	0	0	0	53	25	7	0	2	0
Otu41	1153	513	278	0	34	2361	615	0	0	0	0	59	0	10	2	0	0	0	0	0	112	29	1	2	132	476	63	19	256	1	6	0	0	1	0	306	73	96	2	0	0	0	5	0	8	2	321	126	4	0
Otu6	2375	1215	3	14	0	3	0	10914	4031	1	5	0	1	0	0	1215	0	0	0	2	48	19	5	0	39	1543	6	13	1146	1	0	453	91	0	0	2	0	4	13	927	6	2756	0	1	81	55	451	251	165	2
Otu47	1791	854	442	0	54	163	38	41	7	9	27	6	23	3	13	45	8	3	4	4	6	1	99	51	50	39	5	9	38	0	3	256	22	1	3	33	16	8	1	1	0	12	9	0	177	56	15	23	17	0
Otu5	462	222	171	14	18	522	138	4405	2577	1	10	328	4	27	0	1178	2	0	0	0	25	3	15	10	3	2562	34	0	2597	0	6	256	23	4412	1182	3225	747	27	0	3	0	21	0	0	8	0	38	8	1516	1
Otu43	682	518	12	0	2	27	7	200	52	0	2	66	208	8	111	60	2	0	0	0	65	34	3	1	151	108	54	24	35	0	0	34	7	146	161	38	19	50	0	3	0	16	0	0	12	6	264	88	2	0
Otu415	4	0	0	0	0	0	0	3	0	0	0	0	0	0	0	0	0	0	0	0	1	0	0	0	0	2	0	0	2	0	0	0	0	0	0	20	6	0	0	0	0	0	0	0	9	6	0	0	0	0
Otu343	9	1	1	0	0	0	0	3	0	0	0	0	0	1	0	0	0	0	0	0	2	0	0	0	0	1	0	0	2	0	0	0	0	0	0	6	2	0	0	1	0	1	0	0	9	8	6	1	0	0
Otu123	28	9	0	0	0	0	0	0	0	0	0	190	15	39	10	0	0	0	0	0	3	0	0	1	34	0	0	4	0	0	0	0	0	0	0	0	0	1	0	0	0	0	0	0	0	0	0	0	909	0
Otu38	1303	534	1	1	0	1	5	2	0	0	8	885	172	125	63	80	1	5	0	0	50	16	6	6	277	1314	0	82	717	10	3	391	80	3	1	2498	1133	0	1	66	1	213	6	2	648	533	15	0	1	0
Otu74	214	78	150	0	17	0	0	12	3	2	7	543	73	122	57	1	0	0	0	1	154	31	0	1	69	297	0	17	224	0	0	24	0	2	0	48	12	0	1	3	0	20	0	0	130	80	13	1	3	0
Otu183	79	41	0	0	0	0	0	1	1	0	0	5	1	3	5	0	0	0	0	0	0	0	0	0	0	1	0	0	6	0	0	3	0	49	22	3	3	0	0	0	0	0	0	0	18	17	44	33	48	0
Otu44	601	144	149	1	13	8	8	707	147	0	3	1	1526	0	1629	19	0	0	1	1	129	76	0	0	62	73	0	16	33	1	1	11	0	70	65	340	80	0	0	21	0	21	0	0	25	26	16	3	3	0
Otu33	311	163	0	1	1	0	0	788	173	4	0	142	82	23	187	51	0	0	0	0	13	2	0	0	175	7	5	40	1	0	1	136	60	0	0	47	14	0	0	21	0	39	0	0	36	45	3	2	2742	0
Otu82	2	3	15	0	1251	1	0	20	1	0	0	0	0	0	0	0	0	0	0	0	0	0	0	0	0	0	0	0	0	0	0	0	0	0	0	0	3	0	0	0	1	0	0	3	0	0	3	0	0	0
Otu35	750	286	29	1	1	508	305	600	149	0	3	1	17	0	14	20	0	0	0	4	2	0	0	3	27	5	14	2	2	1	2	3873	350	3	0	872	160	19	7	116	0	580	0	0	15	11	501	199	0	0
Otu42	395	170	74	1	16	227	59	64	17	2	0	1	328	0	172	0	0	0	0	0	5	3	0	0	192	0	66	24	0	1	0	382	54	1	0	269	55	42	0	34	0	164	0	0	495	451	0	0	3	0
Otu70	281	94	0	0	0	1	0	11	2	0	0	0	0	0	0	1	0	0	0	0	20	0	1	0	40	0	0	8	0	0	0	0	0	0	0	26	7	0	0	0	0	0	0	0	0	0	654	154	0	0
Otu1	358	205	1016	9	61	4387	1560	3608	2302	8	59	1180	99	486	61	360	19866	7393	27087	33908	269	97	52469	29300	6682	312	20934	1216	161	5	33	969	137	1124	1879	1602	468	15441	902	1980	328	4586	2350	43	1327	1082	43	9	9	97
Otu248	155	57	17	0	0	0	0	1185	328	0	1	67	247	10	220	8	0	0	0	0	3	1	0	0	49	416	1	12	251	0	0	240	51	0	0	18	7	0	0	138	0	395	1	0	21	18	1393	801	696	0
Otu144	112	82	65	1	2	0	0	11	5	1	0	26	73	7	54	140	0	0	1	0	36	15	3	0	34	0	0	5	0	0	0	0	0	8	14	278	42	0	0	9	0	42	0	0	0	0	10	3	2	0
Otu23	1113	525	292	0	30	1117	461	568	116	0	0	0	494	1	380	1	0	4	0	1	203	78	1	0	123	4	0	24	0	0	0	2	2	290	141	203	39	0	5	7	0	37	3	2	192	122	441	249	1	0
Otu59	288	184	8	0	2	1	0	174	25	0	0	236	132	50	86	30	1	1	0	2	61	23	0	0	26	799	0	6	384	0	0	128	13	0	1	96	42	0	0	10	0	69	0	0	55	38	2	0	5	0
Otu189	504	294	0	0	0	0	0	15	2	0	0	11	38	1	15	5	0	0	0	0	9	4	0	0	26	0	0	8	0	0	0	14	2	0	0	0	1	0	0	0	0	1	0	0	13	4	1	0	0	0
Otu88	85	27	78	0	38	169	57	51	9	1	0	2	35	0	58	41	0	0	0	1	52	23	0	1	91	0	0	15	0	2	0	103	5	0	0	33	4	0	0	2	0	19	2	0	40	48	245	52	0	0
Otu179	277	91	1	0	0	0	0	12	0	0	0	0	9	0	2	0	0	0	0	0	5	1	0	0	6	11	0	0	2	0	0	3	0	0	0	1	0	0	0	1	0	4	1	0	7	12	9	2	1	0
Otu323	351	194	0	0	0	0	0	0	0	0	0	0	5	0	6	1	0	0	0	0	0	0	0	0	0	4	3	0	1	0	0	1	0	12	6	1	1	0	0	0	0	0	0	0	0	0	0	0	0	0
Otu50	826	276	135	0	9	60	33	339	118	0	2	94	148	15	109	69	0	1	2	0	42	9	2	0	169	81	37	37	22	4	1	626	51	13	59	540	218	21	0	12	0	34	0	0	81	101	485	160	3	0
Otu234	68	34	0	0	0	0	0	0	0	0	0	0	0	0	0	0	0	0	0	0	0	0	0	0	0	0	0	0	0	0	0	0	0	0	0	0	0	0	0	0	0	0	0	0	27	5	0	0	0	0
Otu48	434	261	2	0	1	0	0	295	60	0	2	4	34	0	41	29	1	0	0	0	10	2	1	0	65	1021	0	9	545	2	0	119	21	0	0	0	0	0	0	0	0	2	0	0	148	87	33	40	5	0
Otu40	546	201	116	0	15	4	1	120	32	0	0	0	89	0	62	1	0	0	0	0	287	98	1	1	6	319	0	4	284	0	1	138	35	1	1	118	23	0	0	61	0	412	1	1	366	318	1	0	3	0
Otu203	28	12	43	0	4	83	40	6	0	3	4	12	1	19	0	0	29	10	3	6	0	0	31	11	11	2	2	3	1	0	0	103	7	0	1	0	0	0	0	0	1	0	17	0	502	88	5	9	27	0
Otu157	77	21	0	0	0	0	0	0	0	0	0	0	0	0	0	0	0	0	0	0	0	0	0	0	16	0	0	9	0	0	0	0	0	0	0	27	19	0	0	0	0	0	0	0	31	16	0	0	0	0
Otu14	146	70	364	0	30	614	81	113	30	143	447	38	6	37	7	10	250	35	28	26	161	41	655	211	38	23	52	4	19	11	8	144	16	4	4	14	3	16	25	5	5	18	120	0	6278	2239	88	67	84	0
Otu16	32	12	133	3	6	187	81	7	3	12	23	3	5	1	3	125	12	24	60	24	5	1	56	35	1089	10	6520	137	9	9901	1923	2	44	2	5	2	6	5572	22	1	7	2	68	7	8	10	27	1	5	58
Otu28	285	193	260	0	34	25	12	117	54	1	4	0	412	0	193	98	2	1	1	3	227	90	2	0	1127	414	80	219	189	3	2	498	33	0	1	240	70	59	1	45	0	314	2	0	286	319	270	166	3	1
Otu274	63	14	0	0	0	0	0	0	0	0	0	0	0	0	0	0	0	0	0	0	0	0	0	0	2	0	0	1	5	0	0	0	0	0	0	19	2	0	0	0	0	2	0	0	7	10	0	0	0	0
Otu136	136	85	1	0	0	1	0	7	3	0	1	0	5	0	11	0	0	0	0	0	2	2	1	4	13	10	40	3	9	0	0	8	0	25	12	5	0	14	0	6	0	51	0	0	1	0	0	1	0	0
Otu77	448	208	0	0	0	0	0	4	2	0	0	0	18	0	16	3	0	0	0	0	2	0	0	0	0	428	0	0	559	0	0	14	2	18	9	5	2	0	0	0	0	2	0	0	17	2	5	3	0	0
Otu149	290	92	0	0	0	0	0	0	0	0	0	13	48	5	33	0	0	0	0	0	0	0	0	0	0	55	0	0	56	0	0	0	0	0	0	0	0	0	0	0	0	0	0	0	55	67	68	39	1	0
Otu89	195	59	34	0	6	0	0	145	22	0	0	140	40	20	26	0	0	0	0	0	18	1	1	0	11	3	0	3	0	0	0	7	1	0	0	0	0	0	0	11	0	49	0	0	124	166	0	0	0	0
Otu339	18	6	0	0	0	0	0	0	0	0	0	0	0	0	0	0	0	0	0	0	0	1	0	0	0	13	0	0	17	0	0	11	1	0	0	3	0	0	0	0	0	0	0	0	0	0	0	0	0	0
Otu236	89	53	0	0	0	0	0	45	6	0	0	19	0	2	1	0	0	0	0	0	0	0	0	0	8	0	0	0	0	0	0	11	3	0	0	0	0	0	0	0	0	1	0	0	43	49	1	0	0	0
Otu113	56	22	861	0	66	29	9	102	13	0	29	10	10	4	11	1	4	0	1	3	11	2	26	5	84	2	9	15	0	4	2	29	5	3	1	1	0	5	3	6	1	43	33	3	47	20	8	8	27	1
Otu83	94	39	1	0	0	0	0	0	0	0	0	0	0	0	0	4	0	0	0	0	7	1	3	0	7	0	0	1	0	6	1	1	0	0	0	1126	470	0	0	1	0	2	0	0	0	0	1	0	164	0
Otu27	284	123	442	0	61	0	0	545	101	0	0	0	191	0	177	4	0	0	1	1	840	419	5	0	1490	402	0	328	362	3	0	1	0	0	0	259	55	1	0	127	0	634	8	1	0	0	823	224	30	0
Otu166	183	71	4	0	0	0	0	11	1	0	0	2	12	1	2	0	0	0	0	0	2	0	0	0	1	5	1	1	7	0	0	0	0	0	0	75	22	0	0	41	0	169	2	0	6	20	62	26	0	0
Otu152	199	108	5	0	0	0	0	276	72	0	0	37	0	6	0	18	0	0	0	0	1	0	0	0	20	16	0	6	6	0	0	0	0	0	0	0	0	0	0	37	0	305	0	1	0	0	4	0	0	0
Otu169	42	9	1	0	0	0	0	39	2	0	0	5	5	0	4	0	0	0	0	0	0	0	0	0	10	19	0	3	11	0	0	0	0	0	0	0	0	0	0	0	0	0	0	0	32	18	0	0	0	0
Otu105	134	75	46	2	5	3	0	177	39	1	1	6	144	0	109	12	0	0	0	0	38	10	0	2	2	25	0	0	21	0	0	174	26	11	24	200	34	0	0	6	0	14	0	0	27	38	109	36	29	1
Otu13	28	8	106	0	4	1578	252	1	0	1	6	813	261	139	137	0	0	0	0	3	70	9	2	2	4238	292	1	729	118	0	0	743	99	6	0	36	7	1	1	44	0	340	10	3	3	1	613	325	1	0
Otu191	120	73	0	0	0	0	0	17	2	0	0	5	39	1	17	0	0	0	0	0	0	0	0	0	0	68	0	0	26	0	0	0	0	4	7	0	0	0	0	0	2	0	0	0	0	0	0	0	0	0
Otu158	96	34	69	0	2	0	0	71	7	0	0	6	220	0	91	0	0	0	0	0	174	44	0	0	0	38	0	0	30	0	0	0	0	0	0	6	3	0	0	3	0	57	0	0	0	0	1	0	0	0
Otu100	88	46	16	0	2	0	0	26	0	0	2	50	29	9	21	2	0	0	0	0	11	7	0	0	1	39	0	0	67	0	0	102	17	0	0	124	23	1	0	12	0	82	0	0	11	4	34	21	13	0
Otu235	32	10	36	0	4	0	0	0	0	1	0	0	1	0	0	0	0	0	0	0	0	8	0	0	91	3	0	14	2	0	0	0	0	0	0	4	2	0	0	0	0	9	0	0	0	0	0	0	0	0
Otu159	27	14	18	0	0	1	0	9	1	0	4	16	2	1	6	0	0	1	0	0	0	0	0	0	2	19	51	0	34	3	0	27	7	0	1	14	4	60	0	0	0	0	0	0	75	68	113	54	0	0
Otu428	12	1	0	0	0	0	0	4	0	0	0	0	0	0	1	0	0	0	0	0	0	0	0	0	0	5	0	0	7	0	0	0	0	0	0	0	0	0	0	0	0	0	0	0	25	19	0	0	0	0
Otu68	22	8	32	0	8	0	0	381	117	0	0	1	54	0	80	0	0	0	0	0	112	46	0	0	49	0	0	8	0	0	0	0	0	1	0	172	28	0	0	2	0	15	0	0	0	9	0	0	3	0
Otu54	32	17	1	4	1	0	0	294	75	6	2	947	4	155	1	147	0	0	0	1	18	9	0	0	1	198	54	0	121	0	5	280	52	104	72	6	5	87	1	66	0	306	7	0	5	5	46	9	203	2
Otu151	36	23	44	5	5	743	224	4	3	4	0	5	22	0	11	297	0	0	1	0	8	11	1	0	36	18	0	10	3	4	0	325	35	1	1	317	162	3	0	6	0	28	0	0	91	136	88	25	2	0
Otu146	57	30	15	0	0	0	0	39	5	0	0	65	0	31	0	0	0	0	0	0	0	0	0	0	0	9	0	0	2	0	0	0	1	6	8	0	0	0	0	0	0	0	0	0	61	37	0	2	3	0
Otu285	55	23	0	0	0	0	0	0	0	0	0	0	0	0	0	3	0	0	0	0	0	0	0	0	0	0	0	0	0	0	0	0	0	0	0	0	0	0	0	0	0	0	0	0	0	0	0	0	0	0
Otu269	34	15	0	0	0	0	0	0	0	0	0	0	0	0	0	0	0	0	0	0	0	0	0	0	0	0	0	0	0	0	0	0	0	0	0	0	0	0	0	0	0	0	0	0	2	1	0	0	0	0
Otu46	297	118	88	0	9	1	1	286	58	4	0	1	0	1	2	0	0	0	0	0	0	0	0	0	17	1123	0	5	916	0	0	1	0	0	0	20	3	0	0	0	0	0	0	3	47	48	74	38	0	0
Otu423	1	0	1	0	0	0	0	0	0	3	5	1	2	0	0	0	0	0	7	0	0	0	2	0	0	0	0	0	0	0	0	0	0	0	0	0	0	0	1	0	1	0	6	1	0	0	4	1	0	4
Otu93	258	171	0	0	0	0	0	0	0	0	0	0	0	0	0	0	0	0	0	0	0	0	4	0	0	318	0	0	259	0	0	0	0	0	0	0	0	0	0	0	0	0	0	1	0	0	0	0	0	0
Otu192	7	1	3	0	0	0	0	0	0	0	0	0	5	1	9	0	0	1	0	0	1	0	6	0	1	50	1	1	36	0	0	0	0	0	0	0	0	1	0	0	0	1	0	0	4	1	3	0	1	0
Otu62	30	11	46	13	6	135	13	12	4	8	42	0	2	3	0	2114	13	2	5	5	47	12	5	2	72	3	6	11	3	1	1	18	0	0	1	3	1	1	6	3	2	16	11	0	552	167	27	6	5	1
Otu240	219	131	0	0	0	0	0	19	5	0	0	5	0	2	0	1	0	0	0	0	0	0	0	0	2	0	0	0	0	0	0	4	0	0	0	0	0	0	0	0	0	0	0	0	3	16	0	0	0	0
Otu307	25	12	3	0	1	0	0	23	2	0	0	1	23	0	18	0	0	0	0	0	6	0	0	0	0	16	0	0	8	0	0	0	0	3	1	21	8	0	0	1	0	3	0	0	58	26	0	0	0	0
Otu108	231	54	43	0	2	7	3	0	0	0	0	0	3	0	3	0	0	0	0	1	41	9	0	0	180	6	0	32	12	0	0	0	0	0	0	26	6	0	0	1	0	6	0	0	71	46	0	0	1	0
Otu73	114	31	21	1	3	0	0	383	106	0	0	0	0	0	2	30	1	0	0	0	69	28	0	0	138	146	0	23	141	0	0	200	34	0	0	95	14	0	0	10	0	67	0	0	2	0	9	1	1	1
Otu397	4	0	0	0	0	0	0	1	1	0	0	1	0	0	0	0	0	0	0	0	0	0	0	0	3	3	0	0	0	0	0	0	0	0	0	0	0	0	0	0	0	0	0	0	13	4	0	0	0	0
Otu58	38	11	245	0	110	0	1	16	3	0	0	11	0	3	2	1	0	2	0	0	1	0	0	0	22	2	0	1	4	0	1	1	0	30	20	0	0	0	2591	1	450	0	2	1	11	6	2	0	0	0
Otu61	168	46	206	0	35	261	22	999	325	0	0	0	2	0	1	0	0	1	0	4	206	58	0	0	0	8	8	0	3	0	0	0	0	1	10	151	33	9	0	0	0	0	0	0	0	0	157	82	0	0
Otu212	179	46	0	0	0	0	0	0	0	0	0	0	2	0	1	0	0	0	0	0	0	0	0	0	0	0	0	0	0	0	0	3	0	0	0	0	1	0	0	0	0	0	5	0	8	0	0	0	1	0
Otu79	165	55	9	1	1	8	6	132	36	0	0	86	3	14	3	17	0	0	0	0	37	11	0	1	16	128	2	3	138	0	0	251	68	56	66	40	18	2	35	89	3	599	1	0	25	37	101	38	20	0
Otu135	24	7	0	0	0	0	0	59	9	0	0	0	2	0	0	1	0	0	0	0	34	12	5	3	0	118	0	0	73	0	0	81	25	0	0	4	3	0	0	8	0	28	0	0	82	30	27	17	0	0
Otu117	52	26	14	0	0	4	0	0	0	0	0	6	229	0	160	0	0	0	3	0	16	2	0	0	1	0	0	0	0	0	0	26	4	0	0	14	7	0	0	0	0	7	0	0	152	163	7	9	3	0
Otu242	33	12	1	0	1	0	0	0	0	0	0	0	35	0	23	0	0	0	0	0	0	0	0	0	1	0	0	0	0	0	0	0	0	0	0	0	0	0	0	0	0	0	0	0	0	0	0	0	0	0
Otu273	49	30	0	0	0	0	0	15	5	0	0	23	4	6	6	0	0	0	0	0	29	8	2	0	7	25	1	2	28	0	1	24	4	1	0	53	14	0	0	3	0	15	0	0	0	0	8	3	3	0
Otu45	87	54	83	2	4	3	0	1609	549	1	0	0	969	0	355	370	0	1	0	0	362	128	3	0	62	196	569	5	214	1	0	851	166	4	42	218	51	614	0	49	0	130	1	3	203	300	400	83	27	4
Otu106	84	21	1	0	0	2	0	169	64	3	0	2	3	0	0	28	0	0	0	0	17	10	0	0	367	1	0	74	0	0	3	6	0	1	10	10	1	0	0	3	0	8	0	0	0	0	140	23	1	0
Otu224	24	6	2	0	1	0	0	1	0	1	0	0	0	0	0	0	0	0	0	0	0	0	0	0	57	29	0	6	14	0	0	0	0	0	0	10	0	0	0	0	0	0	0	0	1	0	0	0	0	0
Otu55	89	53	49	1	6	280	80	699	183	1	1	0	388	0	174	1	0	0	1	0	329	124	7	0	8	4	0	2	0	0	2	287	16	1	0	359	110	0	0	3	0	14	1	0	198	178	555	205	0	0
Otu115	143	34	0	0	0	0	0	32	9	0	0	5	49	3	24	0	0	0	0	0	7	2	0	0	0	147	26	0	80	0	0	99	17	58	66	0	0	29	1	15	0	65	1	0	93	132	107	28	0	0
Otu264	85	41	0	0	0	0	0	13	6	0	0	7	0	1	0	0	0	0	0	0	0	0	0	0	6	0	0	1	0	0	0	7	0	0	0	0	0	0	0	0	0	1	0	0	0	0	0	0	0	0
Otu118	4	1	4	0	0	1	4	5	0	13	9	0	5	1	3	0	5	28	11	11	3	2	26	25	3	4	2	0	3	4	13	5	1	2	4	0	4	1	8	0	1	0	26	3	27	21	28	5	7	4
Otu222	42	4	0	0	0	0	0	0	0	0	0	0	2	0	0	0	0	0	0	0	23	12	0	0	1	31	0	0	21	0	0	0	0	0	0	0	0	0	0	0	0	0	0	0	3	5	12	2	1	0
Otu358	18	5	0	0	0	0	0	16	4	0	0	15	6	0	0	0	0	0	0	0	0	0	0	0	3	5	0	0	2	0	0	0	0	0	0	0	0	0	0	0	0	0	0	0	37	21	0	0	0	0
Otu398	5	2	2	0	0	0	0	0	0	0	0	0	1	0	0	1	0	0	0	0	0	0	0	0	9	5	0	4	0	0	0	0	0	0	0	14	1	0	0	0	0	0	0	0	0	0	7	1	0	0
Otu373	22	11	0	0	0	0	0	79	22	3	12	37	14	8	18	60	2	1	0	3	1	0	1	0	29	248	0	7	131	1	0	30	7	1	0	659	224	0	0	125	1	532	0	0	22	23	8	3	21	0
Otu271	56	17	0	0	0	0	0	0	0	0	0	0	0	0	0	0	0	0	0	0	0	1	0	0	0	21	0	0	28	0	0	0	1	0	0	1	1	0	0	0	0	0	0	0	4	4	0	0	0	0
Otu272	34	0	0	0	0	0	0	0	0	0	0	0	0	0	0	0	0	0	0	0	0	0	0	0	0	0	0	0	0	0	0	0	0	0	0	0	0	0	0	0	0	0	0	0	1	0	0	0	0	0
Otu276	25	12	0	0	0	1	3	32	0	0	0	0	0	0	0	0	0	0	0	0	6	0	0	0	0	27	1	0	12	0	0	4	0	0	0	41	10	0	0	3	0	26	0	0	0	0	4	5	0	0
Otu91	59	54	0	0	0	0	1	33	8	0	0	99	1	8	0	0	0	0	0	0	0	0	1	3	0	329	214	0	325	0	0	0	0	89	20	3	3	110	0	0	0	29	0	0	9	4	0	0	26	0
Otu53	52	14	14	0	2	615	143	16	1	1	3	5	2	1	0	4	0	2	0	0	24	4	1	1	335	0	0	73	0	0	2	0	0	0	2	0	0	0	0	0	0	0	6	0	471	323	1	0	1	0
Otu92	24	15	14	0	2	265	28	93	28	4	12	1	1	3	0	1	32	5	19	11	17	1	142	31	125	1	10	26	6	0	1	6	0	1	2	0	0	1	0	0	0	0	23	0	584	133	13	3	4	0
Otu128	41	30	0	0	0	0	0	16	4	1	0	2	128	1	79	2	0	0	0	0	3	2	0	0	10	5	0	3	8	0	1	0	0	1	0	0	0	0	0	0	0	1	0	1	28	6	62	49	0	0
Otu340	12	4	3	0	1	0	0	0	0	9	25	2	5	2	4	0	0	0	0	1	1	0	7	2	2	0	0	0	2	0	0	0	0	0	0	0	0	0	0	1	0	0	0	0	12	4	0	0	6	0
Otu338	8	1	1	0	0	0	0	0	0	0	0	0	0	0	0	0	0	0	0	0	1	1	0	0	0	14	0	0	7	0	0	0	0	0	0	3	1	0	0	0	0	2	0	0	0	0	3	3	0	0
Otu371	1	0	0	0	0	0	0	1	0	0	0	1	0	0	0	1	0	0	0	0	0	0	0	1	0	0	0	0	0	0	1	0	0	0	0	0	1	1	0	0	0	0	0	0	0	0	0	0	0	0
Otu280	8	2	2	0	0	0	0	0	0	0	0	0	0	0	0	0	0	0	0	0	1	0	0	0	3	0	0	0	0	0	0	0	0	0	0	0	0	0	0	0	0	0	0	0	0	0	0	0	0	0
Otu277	73	22	2	0	0	0	0	3	1	0	0	10	1	2	1	0	0	0	0	0	0	0	0	0	206	4	0	30	0	0	0	37	8	1	0	2	0	0	0	0	0	1	0	0	5	2	39	18	0	0
Otu239	11	1	0	0	0	2	0	2	0	0	0	0	0	0	3	0	0	0	0	0	1	0	0	0	1	0	0	0	0	0	0	98	10	0	0	15	4	0	0	0	0	0	0	0	7	3	0	0	0	0
Otu302	13	4	14	0	1	0	0	0	0	0	0	0	1	0	1	0	0	0	0	0	8	0	0	0	0	0	0	0	0	0	0	0	0	0	0	0	0	0	0	0	0	0	0	0	0	0	0	0	0	0
Otu20	110	52	1548	0	211	73	22	151	101	1	0	0	113	0	108	0	0	0	3	2	18	14	0	0	7	13	44	1	3	2	10	91	7	0	0	0	0	24	1	18	1	84	7	0	6109	3885	717	415	0	0
Otu193	6	4	0	0	0	0	0	91	18	0	0	3	0	0	0	20	0	0	0	0	0	0	3	0	0	66	2	0	38	0	0	68	37	175	90	11	1	0	0	6	0	28	0	0	1	1	15	6	118	0
Otu202	1	0	1	0	0	0	0	8	0	2	1	0	0	0	1	2	0	10	1	0	0	1	1	1	0	3	0	0	0	0	0	0	0	0	0	0	1	1	1	0	0	0	0	0	2	1	0	0	0	0
Otu249	26	23	1	0	0	0	0	0	0	1	0	40	0	5	0	0	0	0	0	0	0	0	0	0	0	0	0	0	0	0	0	0	0	3	0	0	0	0	0	1	0	1	0	0	0	1	0	2	0	0
Otu15	75	21	9	7	4	579	267	115	22	1	0	2	0	2	3	769	0	0	0	0	51	11	3	2	2	794	1998	1	1458	24	1	2978	842	6	4	415	160	1331	0	2	0	7	0	0	49	73	4	1	2	7
Otu364	105	101	4	0	0	17	0	71	20	0	2	168	113	25	69	13	1	2	0	2	66	15	0	2	20	47	4	3	17	6	3	84	18	4	0	1129	506	7	1	5	0	21	4	0	34	20	132	52	0	0
Otu405	8	0	0	0	0	0	0	0	1	0	0	3	4	0	6	0	0	0	0	0	0	0	0	0	0	3	0	0	2	0	0	1	0	0	0	1	0	0	0	0	0	0	0	0	4	2	0	0	0	0
Otu385	11	4	16	0	1	0	0	0	0	0	0	0	0	0	0	0	0	0	0	0	0	0	0	0	0	1	0	0	0	0	0	0	0	0	0	0	0	0	0	0	0	0	0	0	2	0	0	0	0	0
Otu243	21	11	0	0	0	15	5	2	0	0	0	0	56	0	24	0	0	0	0	0	1	1	1	0	14	0	0	1	0	0	0	0	0	0	0	37	8	0	0	12	0	18	0	0	0	0	5	2	0	0
Otu432	11	3	0	0	0	0	0	6	3	0	0	3	0	0	1	0	0	0	0	0	0	0	0	0	1	0	0	0	2	0	0	0	0	0	0	0	0	3	0	0	0	0	0	0	4	0	0	0	2	0
Otu155	13	8	5	0	0	0	0	15	6	0	0	10	4	3	5	2	0	0	0	0	15	4	0	0	6	6	0	2	4	0	0	33	4	0	0	15	4	0	0	4	0	13	0	0	1	3	50	8	0	0
Otu375	7	4	0	0	0	0	0	10	4	0	0	0	0	0	0	0	0	0	0	0	0	0	0	0	0	0	0	0	0	0	0	13	0	0	0	0	0	0	0	0	0	0	0	0	4	0	0	0	0	0
Otu257	2	1	0	0	0	0	0	87	29	0	0	4	6	0	0	2	0	0	0	0	0	0	0	0	0	1	0	0	0	0	0	0	0	0	0	0	0	0	0	11	0	10	0	0	0	0	0	0	0	0
Otu67	24	9	58	0	6	179	39	10	2	48	181	10	2	9	0	0	121	6	5	1	11	1	89	31	35	0	6	3	2	0	0	73	7	0	3	2	0	0	1	1	0	3	65	0	833	218	13	7	13	0
Otu408	8	4	0	0	0	0	0	0	0	0	0	3	2	1	1	0	0	0	0	0	0	0	0	0	0	0	0	0	0	0	0	0	0	0	0	10	0	0	0	0	0	0	0	0	34	6	0	0	0	0
Otu294	2	6	277	1	5	5	3	3	0	9	11	0	0	0	3	26	4	15	10	4	3	1	32	27	7	7	24	1	1	86	367	0	5	0	2	0	2	22	20	0	2	0	33	4	7	8	14	1	6	9
Otu435	33	4	35	0	9	0	0	9	0	2	1	0	24	0	18	0	0	15	0	2	0	0	0	0	3	30	0	0	11	0	2	0	0	2	4	0	1	0	15	0	4	0	6	0	12	1	17	5	0	0
Otu65	62	46	0	0	1	41	41	65	31	0	0	9	67	2	66	7	0	0	0	0	59	44	0	0	0	359	37	0	183	0	0	0	1	33	34	0	0	59	2	17	0	59	0	0	47	26	17	24	3	0
Otu85	5	0	23	0	1	0	0	0	0	0	0	162	89	33	90	0	0	0	1	0	126	19	0	0	8	48	0	5	22	0	0	0	0	0	0	1	0	0	0	0	0	0	0	0	226	212	3	0	0	0
Otu109	65	30	50	0	3	0	0	36	8	0	0	188	106	37	32	0	0	0	0	0	131	22	2	0	515	54	0	120	19	4	0	255	25	2	0	26	24	0	0	0	0	0	0	0	15	25	0	0	1	0
Otu367	29	1	0	0	0	0	0	0	0	0	0	0	0	0	0	0	0	0	0	0	0	0	0	0	0	0	0	0	0	0	0	0	0	0	0	0	0	0	0	0	0	0	0	0	0	0	0	0	0	0
Otu449	3	0	0	0	0	0	0	1	0	0	0	2	0	1	0	0	0	0	0	0	2	1	0	0	0	0	0	0	3	0	0	1	0	0	0	4	0	0	0	0	0	0	0	0	2	1	0	0	0	0
Otu354	5	2	0	0	0	0	0	1	1	0	0	0	2	0	0	0	0	0	0	0	0	2	0	0	0	8	0	0	5	0	0	4	0	0	0	0	0	0	0	0	0	0	0	0	9	0	7	0	0	0
Otu382	25	5	1	0	1	0	0	17	2	0	3	0	0	0	0	0	0	0	0	0	0	0	0	0	0	0	0	0	1	0	0	0	0	0	0	0	0	0	0	0	0	0	0	0	0	0	0	0	1	0
Otu201	7	0	0	1	0	0	0	221	76	0	0	5	8	0	14	31	0	0	0	0	0	0	0	0	2	105	0	0	1	0	0	0	1	0	0	42	1	0	0	86	0	115	0	0	1	2	7	26	113	0
Otu288	7	0	0	0	0	0	0	0	0	0	0	0	0	0	0	0	0	0	0	0	0	0	0	0	0	0	0	0	2	0	0	0	0	0	0	0	1	0	0	0	0	0	0	0	11	33	0	0	0	0
Otu402	21	4	0	0	0	0	0	0	0	0	0	0	0	0	0	0	0	0	0	0	0	0	0	0	40	0	0	7	0	0	0	0	0	0	0	0	0	0	0	0	0	1	0	0	5	3	0	0	0	0
Otu173	19	6	14	0	0	33	5	25	0	17	14	1	3	0	10	0	5	32	18	6	2	3	30	10	1	12	3	0	0	5	1	4	3	1	4	1	6	2	21	1	5	0	19	8	11	17	35	4	18	21
Otu56	30	1	498	0	58	0	0	12	3	1	0	0	2	0	0	0	0	0	0	0	1	0	0	0	43	476	0	8	156	0	0	2	0	9	24	616	124	0	0	0	0	0	0	0	45	35	328	167	8	0
Otu170	4	6	38	0	0	21	23	4	0	9	27	6	16	0	12	8	7	59	20	7	2	1	12	13	1	3	0	0	8	17	22	2	0	5	7	0	4	2	18	2	1	1	30	6	58	22	31	3	3	0
Otu410	18	19	0	0	0	0	0	1	0	0	0	0	0	0	0	0	0	0	0	0	1	0	0	0	0	0	0	0	0	0	0	5	0	0	0	0	0	0	0	0	0	0	0	0	0	0	3	1	1	0
Otu229	2	0	0	0	0	1	3	1	0	0	6	0	0	0	0	0	0	1	0	0	0	0	0	0	0	0	0	0	0	2	2	0	0	0	0	0	0	0	0	0	1	0	0	0	2	0	1	0	0	0
Otu167	23	12	0	0	0	0	0	8	2	0	0	0	0	0	1	0	0	0	0	0	0	0	0	0	0	1	0	0	0	0	0	15	3	11	10	0	0	0	0	50	0	408	0	0	0	0	24	23	1	0
Otu409	6	1	0	0	0	0	0	0	0	0	0	5	0	0	0	0	0	0	0	0	1	0	0	0	12	0	0	2	1	0	0	0	0	0	0	5	0	0	0	0	0	0	0	0	0	0	5	0	0	0
Otu411	11	1	0	0	0	0	0	7	0	0	0	2	0	0	0	0	0	0	0	0	0	0	0	0	1	0	0	0	0	0	0	0	0	0	0	2	0	0	0	0	0	1	0	0	12	2	2	1	0	0
Otu263	16	2	0	0	0	0	0	0	0	0	0	0	0	0	0	0	0	0	0	0	0	0	0	0	0	0	0	0	0	0	0	0	0	0	0	1	2	0	0	0	0	0	0	0	0	0	0	0	0	0
Otu127	39	13	68	0	12	6	7	0	2	0	0	3	0	6	0	1	5	0	5	0	0	0	1	0	17	0	3	7	0	2	2	1	0	0	0	1	2	0	4	0	0	3	2	1	293	106	0	3	0	0
Otu383	2	1	2	0	1	0	0	0	0	0	0	0	0	0	0	0	0	0	0	0	2	0	0	0	0	0	0	2	0	0	2	0	0	0	0	0	0	0	0	0	0	0	0	0	0	0	0	0	0	0
Otu406	32	22	0	0	0	0	0	0	0	0	0	0	0	0	0	0	0	0	0	0	1	0	0	0	0	0	0	0	0	0	0	0	0	0	0	7	1	0	0	1	0	6	0	0	0	0	0	0	0	0
Otu66	28	15	2	0	0	1	0	105	24	2	0	5	8	3	8	3	0	0	0	0	0	1	0	0	4	47	3	0	44	1	0	9	0	0	1	14	6	5	0	318	0	1093	0	0	5	11	7	0	141	0
Otu394	5	0	0	0	0	0	0	1	0	0	0	0	0	0	0	0	0	0	0	0	0	0	0	0	2	0	0	0	0	0	0	0	0	0	0	0	0	0	0	0	0	0	0	0	2	0	0	0	0	0
Otu418	6	5	0	0	0	0	0	0	0	0	0	0	0	0	0	0	0	0	0	0	0	0	0	0	0	0	0	1	0	0	0	1	0	0	0	5	3	0	0	0	0	0	0	0	0	2	4	1	0	0
Otu270	12	11	0	0	0	0	0	0	0	0	0	8	0	1	0	0	0	0	0	0	0	0	0	0	1	0	0	0	0	0	0	0	0	0	0	1	0	0	0	0	0	0	0	0	18	10	0	0	0	0
Otu327	24	3	0	0	0	0	0	3	0	0	0	0	0	0	0	0	0	0	0	0	0	0	0	0	0	21	0	0	18	0	0	8	0	0	0	10	0	0	0	0	0	0	0	0	4	3	0	0	0	0
Otu232	13	4	0	0	0	0	0	3	0	3	0	2	6	1	4	0	0	0	0	0	0	0	0	0	0	0	0	0	2	0	0	22	2	0	0	24	10	0	0	0	0	2	0	0	51	54	16	2	0	0
Otu403	13	8	0	0	1	0	1	3	0	1	0	0	0	0	0	0	0	0	0	0	1	0	0	1	1	1	1	0	3	0	0	0	0	0	0	1	0	0	0	0	0	0	0	0	2	0	0	0	0	0
Otu315	20	7	0	0	0	0	0	47	13	0	0	0	0	0	0	0	0	0	0	0	0	0	0	0	0	12	0	0	1	0	0	4	0	0	0	0	0	0	0	0	0	1	0	0	0	0	0	0	0	0
Otu116	16	4	45	0	8	0	0	16	3	0	0	10	19	2	24	0	0	0	0	0	14	3	1	0	3	226	0	0	205	0	0	16	4	9	5	56	2	0	0	0	0	4	0	0	7	12	0	0	0	0
Otu198	1	0	0	0	0	0	0	98	16	0	0	1	0	0	1	0	0	0	0	0	0	0	0	0	0	0	0	0	0	0	0	0	0	0	0	0	0	0	0	0	0	0	0	0	0	0	0	0	0	0
Otu457	12	2	0	0	0	0	0	748	412	0	0	5	7	2	9	81	0	0	0	0	0	0	0	0	5	173	0	1	4	0	0	6	0	0	0	17	1	0	0	235	0	241	0	0	1	0	3	15	71	0
Otu180	17	7	1	0	1	0	0	1	0	0	0	0	68	0	23	0	0	0	0	0	2	0	0	1	9	0	0	0	0	0	0	71	3	0	2	3	0	0	0	1	0	0	0	0	8	4	8	1	0	0
Otu36	5	2	801	2	65	16	25	162	42	0	6	7	1553	2	1073	21	0	0	0	0	10	0	4	0	34	33	0	7	23	5	2	3	0	5	6	1202	313	0	1	0	0	0	0	0	0	0	93	59	0	0
Otu78	2	0	1377	10	78	0	0	1	0	2	0	0	0	0	0	1822	0	0	0	0	0	0	0	0	0	0	1	0	0	0	2	0	0	0	0	23	5	0	0	0	0	0	0	0	0	4	1	0	0	0
Otu282	14	0	0	0	0	0	0	0	0	0	0	51	0	14	0	0	0	0	0	0	1	0	0	0	4	2	0	0	3	0	0	0	0	0	0	0	0	0	0	0	0	0	0	0	10	3	0	0	0	0
Otu208	27	7	0	0	0	0	0	18	5	0	0	0	1	0	3	4	0	0	0	0	8	2	0	0	23	35	0	8	31	0	0	3	0	0	0	14	2	0	0	0	0	0	0	0	11	5	0	0	2	0
Otu281	3	1	4	0	1	0	0	1	1	0	0	0	1	0	1	0	0	0	0	0	0	0	0	0	0	1	0	0	0	0	0	62	8	0	0	2	0	0	0	0	0	0	0	0	0	0	1	0	0	0
Otu29	4	4	0	4	0	1	2	42	14	0	1	186	127	48	132	283	0	0	0	0	0	1	0	0	229	80	1	52	35	0	4	6	5	0	0	110	28	0	1	126	0	331	6	2	99	124	2374	1483	1434	0
Otu300	6	1	0	0	0	0	0	0	0	0	2	1	1	0	0	0	0	0	0	0	0	0	0	0	2	7	0	0	5	0	0	0	0	0	0	0	0	0	0	0	0	0	0	0	3	0	0	0	0	0
Otu176	20	8	0	0	0	0	0	55	7	0	0	0	0	0	0	3	0	0	0	0	2	1	0	0	2	0	0	1	0	0	0	1	0	0	0	1	0	0	0	18	0	114	0	0	0	0	6	0	0	0
Otu275	19	14	0	0	0	0	0	3	0	0	0	1	0	0	0	0	0	0	0	0	0	0	0	0	0	0	0	0	0	0	0	0	0	0	0	0	0	0	0	0	0	0	0	0	0	3	0	0	0	0
Otu473	1	2	0	0	0	0	0	30	7	0	0	0	0	0	0	0	0	0	0	0	0	0	0	0	0	2	0	0	2	0	0	0	0	0	0	1	1	0	0	0	0	1	0	0	0	0	0	1	0	0
Otu368	3	1	9	0	0	0	0	5	0	0	0	1	2	0	0	0	0	0	0	0	3	0	0	0	4	0	0	1	0	0	0	0	0	0	0	0	0	0	0	0	0	0	0	0	1	1	2	0	0	0
Otu165	8	1	0	0	0	0	0	0	0	0	0	0	0	0	0	0	0	0	0	0	0	0	0	0	0	162	0	0	74	0	0	30	4	0	0	0	3	0	0	0	0	0	0	0	1	1	0	0	0	0
Otu98	13	7	0	0	0	0	0	0	0	0	0	688	0	147	0	0	0	0	0	0	0	0	0	0	0	0	0	0	0	0	0	1	0	0	0	0	0	0	0	0	0	0	0	0	24	55	0	0	0	0
Otu290	2	2	0	0	0	1	2	4	0	0	7	0	0	0	2	2	2	11	0	4	0	0	1	1	0	2	0	0	1	1	10	0	0	0	0	0	0	1	0	0	0	0	0	0	10	2	1	2	0	0
Otu301	6	1	0	0	0	0	0	0	1	0	0	0	0	0	0	0	0	0	0	0	0	0	0	0	0	24	1	0	6	0	0	0	0	0	0	3	0	0	0	0	0	0	0	0	0	5	0	0	0	0
Otu153	7	2	19	0	2	0	0	0	0	0	0	0	5	2	2	0	0	0	0	0	5	1	0	0	4	0	0	0	0	0	0	0	0	0	1	0	0	0	1	6	0	76	0	0	227	130	0	1	0	0
Otu458	9	0	0	0	0	0	0	0	0	0	0	1	0	0	0	0	0	0	0	0	0	0	0	0	0	0	0	0	0	1	0	0	0	0	0	0	0	0	0	0	0	0	0	0	1	0	0	1	0	0
Otu377	8	3	2	0	0	0	0	0	0	0	0	0	1	0	0	0	0	0	0	0	0	1	0	2	0	18	0	1	36	0	0	1	0	0	0	1	0	0	0	0	0	0	0	0	0	2	0	0	0	0
Otu71	15	4	1	0	0	0	0	37	7	7	0	124	270	31	130	14	3	2	0	2	56	16	3	0	384	3	0	69	0	6	1	1	0	0	1	888	176	2	0	0	1	0	6	3	285	259	444	254	0	0
Otu245	1	3	114	0	13	1	2	34	7	1	0	2	19	2	13	1	0	0	0	0	1	0	0	0	4	0	1	1	0	0	0	9	1	1	0	1	0	4	5	0	0	0	35	0	8	10	10	4	42	0
Otu366	1	0	0	0	0	0	0	0	0	0	0	7	2	2	1	0	0	0	0	0	0	0	0	0	0	0	3	2	0	0	0	0	0	0	1	0	0	0	0	0	0	0	0	0	10	0	0	0	0	0
Otu296	7	0	0	0	0	9	0	0	0	0	0	0	0	0	0	0	0	0	0	0	0	0	0	0	2	0	0	0	2	0	0	0	0	0	0	29	7	0	0	0	0	0	0	0	0	2	0	0	0	0
Otu284	2	2	1	0	1	11	5	63	8	0	0	3	0	1	0	0	4	0	0	0	0	0	0	0	45	0	0	12	0	0	0	1	0	0	2	1	0	0	2	0	0	0	0	0	35	12	0	0	3	0
Otu95	2	1	2	0	0	0	0	604	282	0	0	0	0	0	0	16	0	0	0	0	0	0	0	0	6	0	0	0	0	0	0	6	0	276	102	0	0	0	59	10	29	194	0	0	4	0	1	0	34	0
Otu99	2	0	25	0	0	0	0	59	6	0	0	0	2	0	2	0	0	0	0	0	0	1	0	0	523	0	0	117	1	0	1	0	0	1	0	0	0	0	0	0	0	0	0	0	0	0	0	0	38	0
Otu227	2	0	1	0	1	3	2	1	0	0	8	2	1	0	2	0	4	8	9	2	1	0	10	5	0	4	5	0	2	12	3	2	1	0	2	0	5	1	3	0	0	0	16	2	7	13	16	0	1	23
Otu308	1	0	0	0	0	0	0	0	0	0	0	0	0	0	0	0	0	0	0	0	5	1	0	0	0	0	0	0	0	0	0	7	0	0	0	4	0	0	0	0	0	0	0	0	0	0	0	0	1	0
Otu462	8	0	1	0	1	0	0	1	0	0	0	0	0	0	0	0	0	0	0	0	0	0	0	0	0	0	0	0	0	0	0	0	0	0	0	1	0	0	0	0	0	0	0	0	12	15	0	0	0	0
Otu467	11	3	3	0	0	0	0	0	2	0	0	9	23	1	46	0	0	0	0	0	0	0	0	0	2	17	0	0	0	0	0	0	0	0	0	0	0	0	0	0	0	0	0	0	0	0	0	0	0	0
Otu133	2	2	8	0	0	10	3	14	0	10	30	0	4	0	2	0	15	25	14	5	1	3	4	9	1	4	1	0	5	12	4	2	2	1	1	1	7	5	8	1	4	2	23	9	5	11	22	4	6	19
Otu244	3	0	0	0	0	1	0	0	0	0	1	2	0	0	2	0	2	52	1	0	0	0	0	0	0	3	0	0	0	0	0	0	0	0	0	0	0	1	4	0	0	0	3	4	4	1	4	0	0	4
Otu174	4	0	58	0	3	0	0	0	0	0	0	0	52	0	36	0	0	0	0	0	2	0	0	0	0	0	0	0	0	0	0	0	0	0	0	0	0	0	0	0	0	0	0	0	0	0	0	0	0	0
Otu30	4	0	0	1	0	0	1	7	1	4	16	757	7	249	1	0	1	0	1	0	3	1	4	6	3730	6	1	714	2	1	1	1	1	2	0	0	0	1	1	0	0	0	0	0	88	51	5	0	1	0
Otu320	1	0	0	0	0	0	1	0	0	6	0	0	6	0	0	0	0	0	0	1	0	0	1	0	101	0	0	26	0	0	0	0	0	0	0	0	0	0	3	0	3	0	0	0	0	0	0	0	0	0
Otu205	1	0	0	0	0	67	1	22	0	0	1	0	1	0	0	0	2	3	1	1	0	0	3	0	1	2	0	0	0	0	2	2	0	0	0	0	1	2	0	0	0	0	0	0	1	0	3	1	0	0
Otu447	2	2	10	0	2	0	0	0	0	0	0	0	1	0	0	0	0	0	0	0	4	2	1	0	0	6	0	0	13	0	0	0	0	0	0	1	1	0	0	4	0	15	0	0	9	6	0	1	0	0
Otu289	3	0	0	0	0	0	0	0	0	0	0	48	0	3	0	0	0	0	0	0	0	0	0	0	0	0	0	0	0	0	0	0	0	0	0	0	0	0	0	0	0	0	0	0	0	0	0	0	0	0
Otu145	1	0	21	0	4	0	0	0	0	0	0	0	1	0	0	0	0	0	0	3	1	0	0	0	0	0	0	0	0	0	0	0	0	0	0	0	0	0	0	0	0	1	0	0	5	1	0	0	241	0
Otu215	2	0	2	0	0	0	0	3	3	0	0	2	0	5	0	0	0	0	0	0	0	0	0	0	0	0	0	0	0	0	0	1	0	0	0	0	0	0	3	0	0	0	6	0	5	0	0	0	207	0
Otu336	3	3	0	0	0	1	0	11	5	2	0	25	43	7	19	1	0	0	0	0	32	3	0	0	3	0	0	1	0	0	0	0	0	0	0	4	0	0	0	1	0	0	1	0	0	0	195	95	0	0
Otu223	6	1	0	0	0	0	2	0	0	0	0	0	0	0	0	0	0	0	0	0	0	0	0	0	2	0	20	0	0	1	0	0	0	0	0	0	0	18	0	0	0	0	3	0	1	0	0	0	0	0
Otu49	1	0	0	0	1	0	0	0	0	6	14	0	0	0	0	0	0	0	0	0	0	0	0	0	0	0	0	0	0	0	0	0	0	0	0	0	0	0	1	0	0	0	0	0	1931	980	0	0	0	0
Otu318	11	6	2	0	3	0	0	64	11	0	0	1	4	0	2	0	0	0	0	12	6	1	0	0	3	1	0	0	9	3	0	0	1	3	15	0	0	0	0	0	0	0	0	0	62	23	0	2	7	0
Otu353	3	0	0	0	0	0	0	0	1	0	0	0	0	0	0	0	0	0	0	0	0	0	0	0	0	3	0	1	1	0	0	0	0	0	0	0	0	0	12	0	0	0	0	0	2	0	0	0	0	0
Otu164	4	2	2	0	0	0	0	0	0	0	0	2	5	1	1	0	0	0	0	0	4	2	0	0	0	44	0	0	33	0	0	0	0	0	0	3	2	0	0	0	0	0	0	0	103	124	14	8	0	0
Otu345	2	0	0	0	0	0	0	21	0	0	0	1	0	0	2	0	0	0	0	0	0	0	0	0	0	1	0	0	2	0	0	0	0	0	0	0	1	0	0	0	0	0	0	0	3	2	0	0	0	0
Otu226	8	2	0	0	0	0	0	9	3	0	0	41	0	12	0	0	0	0	0	0	0	0	0	1	0	0	0	0	0	0	0	40	7	0	0	0	0	0	0	0	0	0	0	0	25	20	0	0	0	0
Otu448	1	1	0	0	0	0	0	1	0	0	0	0	1	0	3	0	0	0	0	0	1	0	0	0	1	0	0	0	5	0	0	0	0	0	0	0	0	0	0	0	0	0	0	0	1	0	0	0	0	0
Otu425	2	1	0	0	0	2	0	0	0	0	0	0	0	0	0	0	0	0	0	0	0	0	0	0	4	0	0	0	0	0	0	0	0	0	0	0	0	0	0	0	0	0	0	0	22	9	0	0	0	0
Otu265	2	3	6	0	0	9	2	9	2	4	10	0	4	0	1	2	5	1	0	4	0	0	1	9	0	0	2	0	1	4	2	0	0	0	1	0	1	0	2	0	1	0	11	2	7	8	19	3	6	0
Otu206	1	0	0	0	0	0	0	12	4	0	0	7	0	1	0	0	0	0	0	0	1	0	0	0	0	0	7	0	0	0	0	0	0	0	0	8	1	2	0	0	0	0	0	0	89	64	0	0	0	0
Otu314	1	1	1	0	0	0	0	0	0	0	6	0	0	0	0	2	0	0	0	0	0	0	0	0	0	0	1	0	0	2	0	0	0	0	0	0	1	0	0	0	0	0	0	0	6	3	4	2	1	0
Otu352	8	1	0	0	0	0	0	2	0	1	1	0	0	0	0	0	0	0	0	0	0	0	1	0	9	0	0	2	0	0	0	0	0	0	0	0	0	0	0	0	0	0	0	0	16	22	6	8	0	0
Otu440	4	1	1	0	0	0	0	4	0	0	0	18	1	4	0	0	0	0	0	0	0	0	0	0	0	3	0	0	0	0	0	0	0	0	0	0	0	0	0	0	0	0	0	0	21	13	0	0	0	0
Otu429	1	1	0	0	0	0	0	1	0	0	1	0	1	0	0	0	0	0	1	0	0	0	0	1	0	0	0	0	2	1	0	0	0	0	0	0	0	0	0	1	0	0	2	0	0	1	1	1	0	0
Otu426	1	1	0	0	0	0	0	74	46	0	0	0	0	0	3	24	0	0	0	0	0	0	0	0	0	62	0	1	0	0	0	0	0	0	0	0	0	0	0	28	0	31	0	0	0	0	2	0	9	0
Otu337	2	1	0	0	0	0	0	11	1	0	0	2	8	0	2	3	0	0	0	0	0	0	0	0	11	1	0	2	0	0	0	0	0	0	0	0	0	0	0	0	0	3	0	0	4	0	0	0	0	0
Otu247	1	0	2	0	0	0	0	0	1	0	0	0	2	0	0	0	0	0	0	0	3	0	0	0	5	0	0	0	0	0	0	75	10	0	0	0	0	0	0	0	0	0	0	0	0	0	0	0	0	0
Otu254	2	8	0	0	0	3	2	5	0	2	20	1	4	1	2	1	5	21	7	8	0	0	12	7	0	8	1	0	3	7	11	0	2	0	0	0	2	3	7	0	5	1	36	7	3	6	13	1	2	4
Otu433	3	2	1	0	0	0	0	1	1	0	0	0	4	0	3	0	0	0	0	0	2	0	0	0	0	0	0	0	0	0	1	0	0	0	0	11	3	0	0	0	0	2	0	0	0	0	0	0	1	0
Otu400	1	0	19	0	3	0	1	0	0	0	0	0	0	0	0	0	0	0	0	0	0	0	0	0	0	0	10	0	0	0	0	0	0	0	0	0	0	8	0	0	0	0	0	0	0	9	0	0	0	0
Otu443	3	0	2	0	0	0	0	2	1	0	0	2	10	0	0	1	0	0	0	0	0	0	0	0	0	7	0	0	6	0	0	1	0	139	109	0	1	0	0	0	0	0	0	0	4	1	0	0	0	0
Otu295	1	0	2	0	0	0	0	4	0	0	0	3	0	4	0	0	0	0	0	0	0	0	0	0	3	0	0	1	0	0	0	0	0	0	0	0	0	0	0	0	0	0	0	0	32	42	0	0	0	0
Otu34	2	0	630	1	65	1900	664	0	1	1	1	2	3	0	1	0	2	0	1	0	380	118	1	1	431	0	3	132	4	0	0	2	1	0	0	1	0	0	1	24	0	233	1	0	2126	1815	2180	1002	0	0
Otu297	1	0	0	0	0	0	0	20	10	0	0	0	0	0	0	0	0	0	0	0	0	0	0	0	0	0	0	0	0	0	0	0	0	0	0	0	0	0	0	0	0	0	0	0	0	0	0	0	0	0
Otu199	1	3	1	0	0	3	1	1	0	4	0	1	2	0	2	0	0	10	3	2	1	0	10	6	0	0	0	0	0	1	0	1	0	0	0	0	0	0	0	0	1	0	0	0	3	31	5	0	12	0
Otu162	1	0	6	0	0	0	1	27	0	0	10	0	2	0	0	4	0	5	0	3	0	0	2	0	0	2	0	0	0	0	8	3	0	0	0	0	0	0	2	0	0	0	0	0	8	6	1	1	1	0
Otu283	1	1	0	0	0	0	0	7	0	0	0	8	0	2	0	0	0	0	0	0	0	0	0	0	4	0	0	0	1	0	0	0	0	0	0	0	0	0	0	0	0	0	0	0	31	16	0	0	0	0
Otu461	1	0	0	0	0	0	0	0	0	0	0	0	0	0	0	23	0	0	0	0	8	0	0	0	0	0	0	0	0	0	0	0	0	0	0	0	0	0	0	0	0	0	0	0	0	1	0	0	0	0
Otu237	2	0	66	0	18	0	0	4	1	0	0	1	0	0	0	0	0	0	0	0	0	0	0	0	1	0	0	1	0	0	0	0	0	0	3	0	0	0	0	0	0	0	0	0	3	3	0	0	0	0
Otu172	1	0	3	0	0	0	1	2	0	0	12	0	0	0	1	3	0	14	2	1	0	0	3	1	0	7	0	0	0	3	4	0	0	0	0	0	0	0	1	0	0	0	0	0	6	4	3	1	1	0
Otu386	1	1	0	0	0	0	0	0	0	0	0	0	0	1	0	0	0	0	0	0	0	0	0	0	0	0	0	0	0	0	0	0	0	0	0	0	0	0	0	0	0	0	0	0	25	6	0	0	0	0
Otu316	2	3	7	0	3	0	0	8	4	0	0	1	0	0	0	1	0	0	0	0	4	1	0	0	0	14	5	0	28	0	0	20	7	0	0	22	11	0	0	0	0	0	0	0	1	0	10	1	3	0
Otu134	1	0	0	0	0	0	0	0	0	0	0	0	0	0	0	1	0	0	0	0	0	0	0	0	0	0	295	0	1	0	0	0	0	0	0	0	0	322	0	0	0	0	0	0	320	357	64	15	0	1
Otu312	1	1	0	0	0	0	0	0	0	0	0	0	0	0	0	0	0	0	0	0	0	0	0	0	71	0	0	17	0	0	0	0	0	0	0	0	0	0	0	0	0	0	0	0	1	0	0	0	0	0
Otu445	1	1	0	0	0	0	0	0	0	0	0	2	0	1	0	0	0	0	0	0	0	0	0	0	0	0	0	0	0	0	0	0	0	0	0	1	0	0	0	0	0	0	0	0	15	16	0	0	0	0
Otu363	1	0	0	0	0	1	0	2	0	0	3	0	0	1	0	0	1	0	0	0	0	0	0	1	0	0	0	1	0	6	0	0	0	0	0	0	6	0	0	0	1	0	18	0	1	0	0	0	0	1
Otu21	1	1	3577	1	411	1	1	1	1	0	0	0	0	0	1	24	1	1	1	0	0	0	6	1	7	0	1	2	1	8	6	3	0	0	0	9748	2639	0	0	1	0	1	4	0	0	0	0	0	1	0
Otu141	1	0	0	0	0	0	0	0	0	0	0	1	233	1	127	0	0	0	0	0	0	0	0	0	0	0	22	0	0	0	0	1	0	0	0	0	0	18	0	6	0	28	0	0	1	0	0	0	0	0
Otu102	0	2	82	0	7	276	89	0	0	0	0	44	1	2	0	0	0	0	0	0	28	10	0	0	118	0	0	32	0	0	0	5	1	4	9	0	0	0	0	0	0	1	0	0	28	54	0	0	1720	0
Otu196	0	7	7	0	0	1	3	7	0	10	14	1	8	0	1	1	7	5	11	6	2	1	9	4	1	9	1	0	5	10	9	2	1	0	3	1	7	1	6	1	2	1	26	6	3	3	14	0	1	22
Otu139	0	2	3	0	1	39	2	3	4	0	0	5	1	6	1	0	60	15	4	0	0	0	50	17	4	0	1	1	1	0	1	0	0	0	0	0	0	0	8	0	0	0	0	0	140	41	0	0	21	0
Otu304	0	4	0	0	0	0	2	0	0	0	0	0	5	0	0	0	0	0	0	0	0	0	0	0	25	0	0	5	2	0	0	0	0	0	0	0	0	0	0	0	0	0	0	0	0	4	0	0	0	0
Otu231	0	6	0	0	0	0	8	0	0	3	0	1	12	0	0	0	1	2	4	2	0	0	0	0	104	0	0	25	0	2	0	0	0	0	6	0	1	0	21	0	6	0	0	0	4	0	7	0	5	0
Otu112	0	1	0	0	0	0	0	0	0	0	0	23	0	4	0	0	0	0	0	0	0	0	1	0	0	195	0	0	138	3	0	1	0	0	0	248	58	0	0	0	1	0	0	0	296	310	82	55	0	0
Otu346	0	3	0	0	0	0	0	3	0	0	0	4	0	0	0	3	0	0	0	0	1	0	0	0	8	0	0	5	0	0	0	0	0	0	0	0	0	0	0	0	0	0	0	0	0	0	13	11	0	0
Otu451	0	3	0	0	0	0	0	0	0	0	6	0	0	0	0	0	0	0	0	0	0	0	0	0	0	0	0	0	0	0	0	0	0	0	0	0	0	0	0	0	0	0	0	0	6	0	0	0	0	0
Otu218	0	1	129	0	9	0	0	0	0	1	2	2	19	0	19	0	0	0	0	0	0	0	0	0	47	0	1	7	0	0	0	16	4	0	0	0	0	0	0	0	0	10	0	0	0	4	0	0	0	0
Otu266	0	4	7	0	0	4	0	1	0	3	13	1	8	0	2	1	5	18	5	4	4	3	1	6	1	4	0	0	5	10	5	1	1	1	0	1	2	3	8	0	0	1	20	6	7	23	15	1	4	7
Otu154	0	1	0	0	0	3	17	2	0	0	0	0	0	0	0	0	0	1	0	0	0	0	0	0	0	0	34	0	0	0	0	0	0	0	0	0	0	16	0	0	0	0	0	0	0	0	229	92	0	0
Otu84	0	10	0	0	0	0	0	0	0	0	0	0	0	0	0	0	0	0	0	0	52	1	0	0	1	0	0	1	0	0	0	104	0	0	0	0	0	0	0	0	0	0	0	0	992	30	0	0	0	0
Otu446	0	1	0	0	0	0	0	1	0	1	1	0	0	0	0	0	0	1	0	0	0	0	2	0	0	1	0	0	0	0	0	0	0	0	0	0	0	0	0	0	1	0	5	0	0	0	0	0	0	0
Otu370	0	2	0	0	0	0	0	0	0	0	4	0	5	0	0	0	0	4	0	3	0	0	0	0	0	0	0	0	0	0	1	0	0	0	4	0	0	1	0	0	0	0	0	0	0	2	0	0	0	0
Otu204	0	3	0	0	0	0	0	62	24	0	0	3	0	1	0	0	0	0	0	0	2	0	0	0	21	0	0	5	0	0	0	2	0	0	1	0	0	0	2	0	0	0	0	0	1	0	0	0	2	0
Otu111	0	1	0	0	0	1	0	5	1	1	0	0	0	0	0	42	0	0	0	1	0	0	0	0	2	42	1	0	32	0	0	16	2	0	0	0	0	0	0	46	0	223	0	0	0	1	19	10	1102	0
Otu120	0	3	0	0	0	8	1	0	0	0	3	0	1	0	0	0	0	0	2	0	0	0	0	4	374	1	0	106	0	0	0	0	0	0	0	2	0	0	0	0	0	0	0	0	0	2	0	0	1	0
Otu268	0	3	2	0	0	12	4	1	3	0	4	0	0	0	0	0	4	0	1	0	0	0	0	1	3	0	2	1	0	0	1	5	1	0	0	0	0	1	0	1	0	1	4	0	76	24	0	0	4	0
Otu32	0	2	3728	0	378	0	2	2	0	0	0	4455	9	1415	1	0	1	1	1	1	1	0	2	2	1	0	2	0	0	0	5	0	0	0	0	0	0	0	1	0	0	0	0	0	2	0	13	0	0	1
Otu253	0	3	6	0	0	5	2	7	0	4	10	0	5	1	2	0	4	20	3	5	1	0	13	5	0	8	2	0	6	8	3	0	2	3	1	0	1	1	10	0	1	1	16	3	15	3	9	2	1	29
Otu260	0	1	3	0	0	0	0	3	0	0	6	0	0	0	0	1	0	3	0	0	0	0	0	0	0	1	1	0	0	3	2	0	1	0	0	0	1	0	0	2	1	0	0	0	2	0	2	2	2	0
Otu131	0	4	7	0	0	4	2	12	0	8	27	0	7	0	1	0	11	37	24	9	2	1	14	8	0	19	3	0	4	4	8	1	1	3	1	1	4	3	31	0	2	0	28	8	2	34	50	1	9	21
Otu3	0	1	8	0	0	143	49	0	1	50558	19841	7	1	12	1	6	415	682	1850	1343	0	2	1470	1299	85	27	56	11	22	466	598	6	5	1	4	0	3	50	145	3	36	5	60	6	5	0	0	1	16	0
Otu188	0	2	1	0	0	0	0	0	0	0	0	41	0	7	0	0	0	0	0	0	1	0	0	0	3	0	0	1	0	2	0	0	0	0	0	693	170	0	0	0	1	4	0	0	1	0	0	0	1	0
Otu255	0	1	7	0	0	1	1	0	0	2	5	0	3	0	0	0	0	0	0	1	6	2	7	4	0	2	0	0	0	1	0	1	0	0	0	0	0	2	0	0	1	0	11	0	1	5	1	2	0	0
Otu325	0	1	2	0	0	0	0	1	1	0	0	0	2	1	0	0	0	0	0	0	0	0	0	3	0	2	0	0	0	0	0	4	0	0	0	0	1	1	0	0	0	0	0	1	77	40	2	0	3	0
Otu125	0	1	4	0	0	37	13	0	0	0	0	1	36	0	25	16	0	0	1	0	3	0	0	0	239	0	0	36	1	0	0	0	0	17	8	0	0	0	0	0	1	0	19	1	33	42	0	0	0	0
Otu261	0	2	0	0	0	94	36	0	0	0	0	0	0	0	1	0	0	1	0	0	33	20	0	0	3	6	0	1	0	0	0	0	0	0	0	0	0	1	0	0	0	0	0	0	0	0	5	5	0	0
Otu129	0	1	10	0	0	0	0	2	0	3	0	42	0	15	0	0	0	1	0	0	5	1	0	0	0	224	0	0	143	0	0	0	0	0	0	0	1	0	1	0	0	0	0	0	98	73	1	0	0	0
Otu439	0	1	1	0	0	0	0	2	0	0	3	0	0	0	0	0	0	1	0	1	0	0	2	1	0	1	1	0	0	0	0	0	0	0	0	0	0	0	0	0	0	1	0	0	0	0	0	0	0	0
Otu87	0	0	639	0	77	0	0	0	0	0	0	1	801	0	277	0	2	0	0	0	0	0	0	0	0	0	1	0	0	0	0	0	0	0	0	0	0	0	0	0	0	0	10	0	0	0	0	0	0	0
Otu221	0	0	88	0	6	0	0	0	0	0	0	0	0	0	0	0	0	0	0	0	0	0	0	0	0	59	0	0	38	0	0	0	0	0	0	0	0	0	0	0	0	0	0	0	0	0	0	0	0	0
Otu184	0	0	129	0	23	0	0	0	0	0	0	0	0	0	0	0	0	0	0	0	0	0	0	0	0	0	0	0	0	0	0	0	0	0	0	0	0	0	0	0	0	0	0	0	0	0	0	0	0	0
Otu69	0	0	53	2	7	1	0	0	0	1	5	0	0	0	0	61	0	0	0	0	0	0	7	0	1	1194	0	0	683	2	0	0	0	0	0	1243	268	0	0	0	0	1	0	0	0	1	389	212	92	0
Otu10	0	0	1824	1	317	5	0	0	0	4	3	6	12406	1	7529	0	0	8	2	2	9	2	5	2	2	1	1	1	0	1	7	9512	1843	2	1	3	1	0	2	23	1	183	2	0	587	766	2	0	0	0
Otu233	0	0	13	0	0	10	6	0	0	0	0	0	16	0	3	0	0	0	0	0	33	8	0	0	43	0	0	4	0	0	0	1	0	0	0	0	0	0	0	1	0	3	0	0	0	0	0	0	0	0
Otu90	0	0	113	0	13	123	50	0	0	1	0	0	310	0	211	0	0	0	1	0	1	0	0	0	93	197	0	14	99	0	0	0	2	0	0	0	0	0	0	0	0	0	0	1	157	108	0	0	0	0
Otu187	0	0	43	0	6	0	0	0	0	0	0	0	263	0	172	0	0	0	1	0	0	0	0	0	0	0	0	0	0	0	0	0	0	0	0	0	0	0	0	0	0	0	0	0	0	0	0	0	0	0
Otu18	0	0	326	3	27	6997	2595	0	0	2	1	0	0	0	0	0	0	0	0	0	0	0	2	2	467	0	0	79	0	0	0	0	0	0	0	324	131	1	0	4	0	115	14	0	695	523	1326	640	1	0
Otu182	0	0	4	0	1	0	0	40	6	0	0	5	0	1	0	0	0	0	0	0	0	0	0	0	45	159	0	10	94	0	0	0	0	0	0	0	0	0	0	0	0	0	0	0	19	18	0	0	0	0
Otu181	0	0	105	0	21	0	0	1	0	0	0	0	0	0	2	0	0	0	0	0	1	0	0	0	0	0	0	0	0	0	1	0	0	0	0	0	0	0	0	0	0	0	0	0	71	52	0	0	0	0
Otu81	0	0	187	0	12	3	0	258	45	0	0	259	1	42	0	0	3	0	0	5	0	0	0	0	27	0	0	7	1	0	0	0	0	3	13	0	0	0	1	0	0	0	0	0	7	0	2	0	0	1
Otu209	0	0	269	0	62	0	0	0	0	0	0	0	0	0	0	0	0	0	0	0	0	0	0	0	0	0	0	0	0	0	0	0	0	0	0	0	0	0	0	0	0	0	0	0	0	0	0	0	0	0
Otu419	0	0	25	0	0	1	2	0	0	0	0	0	2	0	1	0	0	0	0	0	0	0	0	0	0	0	0	1	0	0	0	9	0	0	0	0	0	0	0	0	0	0	0	0	2	0	0	0	0	0
Otu292	0	0	72	0	12	0	0	0	0	0	0	0	0	0	0	0	0	0	0	0	0	0	0	0	82	0	0	19	0	0	0	0	0	0	0	0	0	0	0	0	0	0	0	0	0	0	0	0	0	0
Otu246	0	0	23	0	2	53	10	0	0	7	33	0	0	3	0	0	7	3	0	0	3	1	11	11	7	0	0	0	0	0	0	0	0	0	0	0	0	1	0	0	0	0	0	0	1	0	4	1	0	0
Otu168	0	0	157	0	7	61	12	25	3	1	1	0	6	0	0	0	8	1	0	3	8	2	4	17	207	0	4	51	0	0	0	4	0	0	4	0	0	6	3	0	0	11	19	0	87	21	0	0	8	0
Otu137	0	0	44	0	6	5	0	98	21	0	0	0	28	0	13	0	0	0	0	0	3	1	0	1	2	88	0	1	60	0	1	113	11	14	10	61	12	0	0	0	0	2	0	0	4	10	34	20	1	0
Otu96	0	0	66	0	7	0	0	0	0	0	0	9	8	1	3	0	0	0	0	0	0	0	0	0	580	250	0	106	143	0	0	0	0	0	0	0	1	0	0	0	0	0	0	0	0	0	0	0	31	0
Otu421	0	0	51	0	5	0	0	0	0	0	0	0	0	0	0	0	0	0	0	0	0	0	0	0	0	0	0	0	0	0	0	0	0	0	0	0	0	0	0	0	0	0	0	0	0	0	0	0	0	0
Otu414	0	0	176	0	35	0	0	0	0	0	1	0	0	0	0	0	0	0	0	0	0	0	0	0	0	0	0	0	0	0	0	0	0	0	0	0	0	0	0	0	0	0	0	0	0	0	0	0	0	0
Otu147	0	0	9	0	1	0	0	0	0	0	0	0	4	0	2	1	0	0	0	0	12	1	0	0	1	0	0	0	0	0	0	0	0	0	0	1	0	0	0	110	0	445	0	0	0	0	0	0	0	1
Otu104	0	0	55	2	8	1	0	1743	518	0	1	0	1	0	0	94	0	2	0	0	1	0	0	1	17	2	1	7	1	0	0	0	0	0	0	5	0	2	6	53	1	194	0	0	0	2	0	0	1	0
Otu186	0	0	111	0	22	0	0	0	1	0	0	18	105	3	43	0	0	0	0	0	29	16	0	0	0	23	0	0	28	0	0	0	0	0	0	0	0	0	0	0	0	0	0	0	35	46	0	0	0	0
Otu124	0	0	126	0	12	0	0	0	0	0	0	0	0	0	0	0	0	0	1	0	0	0	0	0	153	0	0	31	0	0	0	51	6	0	0	74	17	0	0	0	0	0	0	0	0	0	0	0	0	0
Otu391	0	0	16	0	4	0	0	0	0	0	0	0	0	0	0	0	0	0	0	0	0	0	0	0	0	30	0	0	22	0	0	0	0	0	0	0	0	0	0	0	0	0	0	0	0	0	0	0	0	0
Otu211	0	0	64	0	0	0	0	0	0	0	0	0	0	0	0	0	0	0	0	1	0	0	0	0	0	0	0	0	0	0	0	0	0	12	44	0	0	0	0	0	0	0	2	0	0	0	0	0	0	0
Otu279	0	0	29	0	5	0	0	0	0	0	0	0	0	0	0	0	0	0	0	0	0	0	0	0	14	0	0	3	0	0	0	0	0	0	0	52	23	0	0	8	0	49	0	0	0	0	0	0	0	0
Otu326	0	0	21	0	2	0	0	0	0	0	0	0	1	0	0	0	0	0	0	0	2	0	0	0	3	0	0	1	0	0	0	0	0	0	0	27	10	0	0	0	0	0	0	0	0	0	0	0	0	0
Otu347	0	0	7	0	0	0	0	0	0	0	0	19	0	5	0	0	0	0	0	0	25	12	0	0	0	8	0	0	2	0	0	0	0	0	0	0	0	0	0	0	0	0	0	0	0	0	0	0	0	0
Otu431	0	0	27	0	2	0	0	0	0	0	0	0	0	0	0	0	0	0	0	0	0	0	0	0	0	0	0	0	0	0	1	0	0	0	0	27	0	0	0	0	0	0	0	0	0	0	0	0	0	0
Otu72	0	0	5	0	0	399	68	26	3	1	3	67	1	7	3	17	0	1	5	9	8	7	0	0	176	18	0	82	6	0	2	32	0	4	14	0	0	0	3	0	1	0	9	0	94	30	170	53	0	0
Otu210	0	0	7	0	3	0	0	1	0	0	0	0	4	0	5	0	0	0	0	0	27	13	0	0	39	0	1	4	0	0	0	0	0	1	0	25	3	0	0	0	1	0	0	0	34	20	3	1	0	0
Otu252	0	0	12	0	0	0	6	0	0	0	0	0	0	0	0	25	0	0	0	0	0	0	0	0	0	0	0	0	0	0	0	0	0	0	0	0	0	135	0	0	0	0	0	0	0	0	3	0	0	0
Otu306	0	0	10	0	1	0	0	0	0	0	0	0	11	0	5	0	0	0	0	0	6	1	0	0	6	0	0	0	0	0	0	0	0	0	0	17	10	0	0	0	0	0	0	0	0	0	0	0	0	0
Otu468	0	0	14	0	1	0	0	0	0	0	0	0	0	0	0	0	0	0	0	0	0	0	0	0	0	0	0	0	0	0	0	0	0	0	0	0	0	0	0	0	0	0	0	0	0	0	0	0	0	0
Otu298	0	0	1	0	0	0	0	0	0	0	0	0	0	1	0	0	0	0	0	0	0	0	0	0	90	0	0	33	0	0	1	0	0	0	0	0	0	0	0	1	0	2	0	0	0	0	0	0	0	0
Otu291	0	0	8	0	1	0	0	0	0	1	4	0	1	0	0	0	0	0	0	2	0	0	0	0	2	0	0	0	0	0	1	0	0	0	5	0	0	0	17	0	4	0	0	0	0	0	0	0	13	0
Otu452	0	0	3	0	1	0	0	0	0	1	0	0	0	0	0	1	0	0	0	0	0	0	0	0	9	4	0	2	2	0	0	0	0	0	0	0	0	0	0	0	0	0	0	0	0	0	0	0	0	0
Otu220	0	0	4	0	0	0	0	20	4	0	0	0	23	0	12	0	0	0	0	0	4	1	0	0	0	0	0	0	0	0	0	229	47	2	16	29	9	0	0	7	0	31	0	0	0	2	20	7	10	0
Otu396	0	0	10	1	1	302	65	0	1	5	0	0	0	0	0	127	0	0	0	0	0	0	0	0	10	0	1	2	0	0	0	123	23	0	0	1	0	0	0	0	0	1	0	0	1	0	0	0	0	1
Otu94	0	0	2	0	0	0	0	0	0	0	3	0	0	0	0	0	0	0	0	0	873	282	0	0	0	0	0	0	0	0	0	0	0	0	0	0	0	0	0	0	0	0	0	0	0	0	0	0	0	0
Otu31	0	0	1	0	1	0	0	0	0	0	0	1	0	0	0	0	1	0	4	2	5357	2287	1	0	0	0	0	0	0	0	0	0	0	1	0	0	0	0	0	0	0	0	0	0	0	0	0	0	0	0
Otu372	0	0	2	0	0	0	2	0	0	0	8	2	3	0	0	0	4	13	4	1	0	0	0	2	0	5	0	0	2	0	0	2	0	1	1	1	3	0	0	0	0	0	3	2	0	2	4	0	2	10
Otu369	0	0	4	0	1	0	0	0	0	0	0	0	0	0	0	0	0	0	0	0	2	1	0	0	0	0	0	0	0	0	0	0	0	0	0	23	10	0	0	0	0	0	0	0	0	0	0	0	0	0
Otu177	0	0	1	0	0	0	0	0	0	0	0	0	2	0	2	0	0	0	0	0	0	0	2	6	0	0	0	0	1	1	0	30	0	0	0	455	190	0	0	0	1	0	0	0	0	0	0	0	0	0
Otu101	0	0	3	0	0	2	0	2	1	0	0	0	0	0	0	0	0	0	0	0	0	0	0	0	0	141	25	0	157	0	0	1	0	0	0	0	0	35	0	0	0	0	13	0	0	0	6	0	4601	1
Otu293	0	0	2	0	0	0	0	5	1	0	1	0	0	0	0	0	0	93	1	0	0	0	4	5	0	0	0	0	0	9	0	0	0	0	0	0	0	2	8	0	2	1	0	0	0	2	0	0	0	0
Otu328	0	0	3	0	0	5	3	1	0	3	17	0	1	0	0	2	1	4	3	6	3	0	4	1	0	0	1	0	4	0	3	0	2	0	0	0	0	0	1	0	0	0	7	3	2	9	6	0	0	0
Otu330	0	0	1	0	0	0	0	0	0	0	0	0	0	0	0	0	0	2	0	0	0	0	2	0	0	0	0	0	0	1	0	0	0	0	0	0	0	0	1	1	1	0	0	0	1	0	0	0	0	0
Otu420	0	0	1	0	0	0	1	0	0	0	0	1	14	0	0	0	0	1	4	0	0	0	0	0	0	0	0	0	0	0	0	0	0	0	2	0	0	0	0	0	0	0	0	0	0	0	1	0	0	0
Otu384	0	0	1	0	0	2	1	7	0	3	0	1	0	1	0	0	2	9	7	1	1	1	9	0	0	2	1	0	0	4	2	3	3	0	1	0	1	0	0	0	0	0	1	2	0	0	5	0	0	2
Otu213	0	0	1	0	1	1	0	3	3	0	7	4	1	6	1	0	0	0	0	0	1	1	3	0	4	0	0	0	0	0	0	13	2	1	0	1	0	0	0	0	0	0	0	0	79	39	0	0	7	0
Otu469	0	0	1	0	0	0	0	2	0	0	1	0	0	0	0	0	1	0	8	0	1	0	5	0	0	0	0	0	0	0	2	1	1	0	0	0	0	0	0	0	1	0	2	0	0	0	9	0	1	0
Otu22	0	0	1	0	0	0	0	1	0	7	7	177	3	27	1	0	5	0	0	1	1	1	6	4	684	2	0	145	0	27	11	3	1	4	1	6151	2212	1	0	0	0	0	0	4	1	0	2	0	1	0
Otu416	0	0	4	0	0	25	1	0	0	0	0	0	1	0	1	0	7	0	0	3	0	0	5	0	0	2	0	0	0	0	0	0	0	0	0	0	0	0	0	0	0	0	0	0	12	15	3	0	0	0
Otu119	0	0	1	0	6	1	0	0	0	0	0	2	2	1	4	0	0	0	0	0	39	6	0	0	5	0	0	1	0	0	0	170	2	0	0	12	4	0	0	0	0	0	0	0	106	24	20	38	0	0
Otu238	0	0	1	0	1	3	26	1	0	5	8	3	1	0	1	0	8	24	5	1	0	1	2	3	0	2	0	0	2	0	0	1	0	1	9	0	1	1	4	0	2	1	30	1	44	5	9	1	0	0
Otu417	0	0	1	0	0	2	0	1	0	0	2	0	3	0	3	2	0	0	1	0	0	0	0	0	0	0	0	0	0	3	1	0	0	0	0	0	0	2	0	0	0	0	6	0	1	4	12	0	0	0
Otu97	0	0	1	0	0	0	0	0	0	0	0	477	4	112	0	0	0	0	0	0	229	67	0	0	633	1	0	170	0	0	0	0	0	0	0	0	0	0	0	11	0	70	0	0	0	0	0	0	0	0
Otu216	0	0	0	1	0	0	0	0	0	0	0	0	0	0	0	4	0	0	0	0	0	0	0	0	107	0	0	27	0	0	0	0	0	1	0	0	0	0	0	0	0	0	0	0	0	0	0	0	0	0
Otu132	0	0	0	1	0	0	0	288	91	0	0	0	0	0	0	45	0	0	0	0	0	0	0	0	1	0	26	0	0	0	0	0	0	0	0	0	0	32	0	0	0	0	0	0	0	0	0	0	1	0
Otu380	0	0	0	0	0	46	25	0	0	0	0	0	0	0	0	0	0	0	0	0	0	0	3	0	11	0	0	3	0	0	0	44	7	0	0	0	0	0	0	0	0	0	0	0	0	0	0	0	0	0
Otu258	0	0	0	0	0	17	11	0	0	419	1369	0	0	0	0	0	0	0	2	0	0	0	0	0	1	2	1	0	4	0	3	0	0	0	1	0	0	0	0	0	0	1	0	0	0	0	0	0	1	0
Otu454	0	0	0	0	0	27	22	0	0	0	0	0	8	0	2	0	0	0	0	0	0	0	0	0	0	0	0	0	0	0	0	0	0	0	0	0	0	0	0	0	0	0	0	0	0	0	0	0	0	0
Otu138	0	0	0	0	0	3	1	0	0	0	4	0	1	0	0	0	0	0	0	0	0	0	0	0	226	0	0	53	0	0	0	0	0	0	0	0	0	0	0	0	0	0	0	0	0	0	0	0	1	0
Otu317	0	0	0	0	0	2	1	4	1	0	0	3	1	0	0	0	3	6	6	3	0	0	4	1	0	2	1	0	1	2	0	0	0	0	0	0	0	0	0	1	2	1	26	1	4	6	11	0	0	7
Otu114	0	0	0	0	0	2	16	134	51	0	0	0	0	0	0	0	1	0	1	0	0	0	0	0	0	0	19	0	0	0	0	0	0	0	0	0	0	9	0	2	0	24	1	1	693	638	0	0	0	0
Otu259	0	0	0	0	0	1	4	0	0	0	0	0	14	0	0	0	0	0	0	0	0	0	1	0	0	0	0	0	0	0	0	0	0	0	2	0	0	0	15	0	3	0	0	0	6	2	0	0	129	0
Otu197	0	0	0	0	0	2	0	1342	484	0	0	0	0	0	0	3	0	0	0	0	0	0	0	0	0	0	0	0	0	0	0	0	0	0	0	0	0	0	0	3	0	7	0	0	0	0	0	0	0	0
Otu121	0	0	0	0	0	0	8	0	0	1	0	0	1	0	0	0	1	0	0	0	0	0	0	0	600	0	0	169	1	0	1	0	0	0	1	0	0	0	9	0	2	0	0	0	0	0	0	0	1	0
Otu460	0	0	0	0	0	0	7	0	0	1	0	0	17	0	0	0	0	4	0	0	0	0	0	0	0	0	0	0	0	0	0	0	0	0	6	0	0	0	0	0	0	0	0	0	0	0	0	0	0	0
Otu393	0	0	0	0	0	0	1	0	0	0	0	0	0	0	1	0	0	0	0	4	0	0	0	0	1	0	0	0	1	0	0	0	0	0	0	0	1	0	0	0	0	1	9	0	1	0	7	0	1	14
Otu351	0	0	0	0	0	0	2	0	0	0	0	0	9	0	0	0	0	4	0	0	0	0	0	2	1	1	0	0	0	0	0	0	0	0	6	0	0	0	25	0	4	0	0	0	0	0	0	0	6	0
Otu190	0	0	0	0	0	0	4	0	0	4	0	0	9	0	0	0	0	0	1	0	0	0	0	0	720	0	0	166	0	0	0	0	0	0	0	0	0	0	6	0	2	0	0	0	0	0	0	0	9	0
Otu228	0	0	0	0	0	0	2	0	0	0	0	0	0	0	0	0	0	0	0	0	0	0	0	2	82	0	0	21	0	0	0	0	0	0	0	0	0	0	0	0	0	0	0	0	0	0	0	0	0	0
Otu387	0	0	0	0	0	0	1	0	0	1	0	0	0	0	0	0	0	1	0	0	0	0	3	1	0	0	0	0	0	1	0	0	0	0	0	0	1	1	0	0	0	0	0	0	3	0	0	0	2	0
Otu178	0	0	0	0	0	0	1	0	1	0	0	0	0	0	0	0	0	1	0	0	0	0	0	0	0	0	22	0	0	0	0	0	1	0	0	0	0	1668	0	0	0	1	0	0	0	0	0	0	0	0
Otu156	0	0	0	0	0	0	2	0	0	0	0	0	1	0	0	0	0	0	0	0	0	0	0	0	338	0	0	98	0	0	0	0	0	0	0	0	0	0	0	0	0	0	0	0	0	0	0	0	0	0
Otu250	0	0	0	0	0	0	2	0	0	1	3	0	0	0	0	0	1	0	1	0	0	0	1	2	119	0	0	27	0	0	0	0	0	0	0	0	0	0	0	0	0	0	0	0	0	0	0	0	1	0
Otu390	0	0	0	0	0	0	0	3	0	0	0	0	2	0	0	0	0	0	0	0	0	0	0	0	55	0	0	10	0	0	0	0	0	1	0	0	0	0	0	0	0	0	0	0	0	0	0	0	0	0
Otu52	0	0	0	0	0	0	0	1188	326	10	0	62	1	17	1	0	0	0	0	0	0	0	7	4	342	0	0	70	0	0	0	13	0	13	36	0	1	0	0	0	0	0	0	0	0	0	0	0	0	0
Otu444	0	0	0	0	0	0	0	323	46	0	0	15	0	0	0	1	0	0	0	0	46	9	0	0	13	0	0	2	0	0	0	0	0	0	0	15	8	0	0	2	0	1	0	0	0	3	0	0	13	0
Otu256	0	0	0	0	0	0	0	48	5	0	0	0	0	0	0	0	0	0	0	0	0	0	0	0	0	0	0	0	0	0	0	0	0	0	0	0	0	0	0	0	0	0	0	0	0	0	0	0	0	0
Otu126	0	0	0	0	0	0	0	40	20	0	0	55	1	11	0	1	0	0	0	0	0	0	0	0	0	0	0	0	0	0	0	0	0	0	0	0	0	0	0	2	0	0	0	0	58	29	245	199	0	0
Otu470	0	0	0	0	0	0	0	25	8	0	0	0	0	0	0	0	0	0	0	0	0	0	0	0	0	0	0	0	0	0	0	0	0	4	1	0	0	0	0	0	0	0	0	0	0	0	0	0	0	0
Otu374	0	0	0	0	0	0	0	29	2	0	0	0	0	0	0	0	0	0	0	0	0	0	0	0	0	0	0	0	0	0	0	0	0	0	0	0	0	0	0	0	0	0	0	0	0	0	0	0	0	0
Otu413	0	0	0	0	0	0	0	17	0	0	0	0	0	0	0	0	0	0	0	0	0	0	0	0	0	0	0	0	0	0	0	0	0	0	0	0	0	0	0	0	0	0	0	0	0	0	0	0	2	0
Otu299	0	0	0	0	0	0	0	3	0	0	0	0	0	0	0	0	0	0	0	0	0	0	0	0	0	82	0	0	61	0	0	15	1	0	0	8	2	0	0	0	0	0	0	0	0	0	0	2	0	0
Otu86	0	0	0	0	0	0	0	59	19	0	0	0	0	0	0	0	0	0	0	0	0	0	0	0	0	0	1041	0	0	4	0	0	0	0	0	0	0	378	0	0	0	0	0	1	0	0	0	0	0	5
Otu171	0	0	0	0	0	0	0	35	9	2	0	0	0	0	0	0	0	0	0	0	0	0	0	0	23	0	0	7	0	0	4	0	0	0	0	89	24	0	0	0	0	0	0	0	0	0	0	0	0	0
Otu472	0	0	0	0	0	0	0	3	1	0	0	0	0	0	0	0	0	0	0	0	0	0	0	0	0	3	0	0	0	0	0	0	0	0	0	0	0	0	0	0	0	0	0	0	6	11	0	0	0	0
Otu389	0	0	0	0	0	0	0	2	0	0	0	7	0	2	0	0	0	0	0	0	0	0	0	0	25	0	0	4	0	0	0	0	0	0	0	0	0	0	0	0	0	0	0	0	0	0	0	0	0	0
Otu465	0	0	0	0	0	0	0	2	0	0	1	0	0	0	0	0	0	2	0	0	0	0	0	0	0	0	0	0	0	0	0	0	0	0	0	0	0	1	0	0	0	1	0	0	0	0	0	0	0	0
Otu311	0	0	0	0	0	0	0	6	0	1	3	1	0	0	0	0	1	7	2	0	0	0	0	1	0	6	0	0	0	0	0	0	0	0	0	0	2	0	0	0	0	0	0	0	0	1	2	0	0	0
Otu342	0	0	0	0	0	0	0	1	0	2	2	0	0	0	0	0	0	0	4	0	0	0	2	0	0	0	0	0	0	2	0	0	0	0	0	0	1	0	0	0	0	0	15	1	0	1	0	0	0	3
Otu219	0	0	0	0	0	0	0	3	0	0	0	0	6	0	0	0	0	0	0	0	0	0	0	0	66	0	0	19	1	0	0	0	0	0	2	0	0	0	0	0	0	0	0	0	1	0	0	0	2	0
Otu424	0	0	0	0	0	0	0	2	0	0	0	1	0	0	0	0	0	0	0	0	0	0	0	0	0	2	0	0	0	0	0	0	0	0	0	0	0	0	0	0	0	0	0	0	20	6	0	0	6	0
Otu225	0	0	0	0	0	0	0	2	0	0	0	0	0	0	0	0	0	0	0	0	0	0	0	0	0	0	0	0	0	0	0	0	0	0	0	0	0	0	0	0	0	0	0	0	55	53	0	0	0	0
Otu356	0	0	0	0	0	0	0	1	0	0	0	0	0	0	0	1	1	0	0	0	0	0	0	0	0	3	0	0	0	0	0	0	0	0	0	6	2	1	0	1	0	4	0	0	6	1	0	0	1	0
Otu362	0	0	0	0	0	0	0	0	0	17	0	0	0	1	0	0	0	0	0	0	0	0	0	0	28	0	0	3	8	0	0	0	0	0	0	0	0	0	2	0	1	0	0	0	0	0	0	0	3	0
Otu130	0	0	0	0	0	0	0	0	0	5	0	1	0	0	0	0	0	0	0	0	266	81	0	0	34	260	0	5	135	0	0	111	11	0	0	0	0	0	2	6	1	475	5	0	82	66	450	196	0	0
Otu310	0	0	0	0	0	0	0	0	0	3	0	47	0	11	0	0	0	0	0	0	0	0	0	0	0	0	0	0	0	0	0	0	0	0	0	0	0	0	0	0	0	0	0	0	13	11	0	0	0	0
Otu217	0	0	0	0	0	0	0	0	0	2	0	0	0	0	0	0	0	0	0	0	0	0	0	0	0	0	0	0	0	0	0	0	0	0	0	115	8	0	0	0	0	2	2	0	0	0	0	0	0	0
Otu463	0	0	0	0	0	0	0	0	0	2	6	0	0	0	0	0	0	0	0	12	0	0	0	0	0	0	0	0	0	0	0	0	0	0	0	0	0	0	0	0	0	0	0	0	8	1	0	0	0	0
Otu107	0	0	0	0	0	0	0	0	0	1	1	0	0	0	0	0	0	2	0	0	0	0	0	0	0	0	0	0	0	0	0	0	0	0	0	0	0	0	0	0	0	1	0	0	26	0	539	202	0	0
Otu456	0	0	0	0	0	0	0	0	0	3	0	0	0	0	0	0	0	0	0	0	0	0	0	0	21	0	0	4	0	0	0	0	0	0	0	0	0	0	0	0	0	0	0	0	0	0	0	0	0	0
Otu175	0	0	0	0	0	0	0	0	0	1	0	0	2	0	0	0	0	0	0	0	0	0	0	0	311	0	0	95	0	0	0	0	0	1	0	1	0	0	0	0	0	0	0	0	0	0	0	0	0	0
Otu348	0	0	0	0	0	0	0	0	0	0	2	0	0	0	0	1	1	0	0	0	0	0	1	0	0	0	0	0	0	0	0	0	0	0	0	0	0	0	0	0	0	0	0	0	0	0	0	0	0	0
Otu404	0	0	0	0	0	0	0	0	0	0	5	1	3	0	2	0	7	14	1	0	0	0	2	4	0	4	1	0	0	6	2	0	1	0	1	0	4	0	3	0	0	0	4	1	5	4	5	0	1	17
Otu357	0	0	0	0	0	0	0	0	0	0	7	0	2	0	8	0	0	0	0	0	2	0	0	0	0	0	0	0	0	0	0	0	0	0	0	0	0	0	0	0	0	0	0	0	0	0	0	0	0	0
Otu140	0	0	0	0	0	0	0	0	0	0	1	641	0	283	0	0	1	0	0	0	0	0	0	0	0	0	0	0	0	0	0	0	0	0	0	0	0	0	0	0	0	0	0	0	0	0	0	0	0	0
Otu381	0	0	0	0	0	0	0	0	0	0	1	0	0	0	1	0	0	2	0	0	0	0	0	0	0	0	0	0	0	0	1	0	0	0	0	0	0	0	0	0	0	0	0	0	1	0	0	0	0	0
Otu230	0	0	0	0	0	0	0	0	0	0	0	48	0	9	0	0	0	0	0	0	0	0	0	0	0	0	0	0	0	0	0	0	0	0	0	0	0	0	0	0	0	0	0	0	0	0	0	0	0	0
Otu286	0	0	0	0	0	0	0	0	0	0	0	77	0	5	0	0	0	0	0	0	0	0	0	0	0	0	0	0	0	0	0	0	0	0	0	0	0	0	0	0	0	0	0	0	0	0	0	0	0	0
Otu148	0	0	0	0	0	0	0	0	0	0	0	285	0	44	0	0	0	0	0	0	2	0	0	0	0	0	0	0	0	0	0	0	0	0	0	0	0	0	0	0	0	0	0	0	0	0	0	0	0	0
Otu287	0	0	0	0	0	0	0	0	0	0	0	43	0	11	0	0	0	0	0	0	0	0	0	2	0	0	0	0	0	0	0	0	0	0	0	0	0	0	0	0	0	0	0	0	0	0	0	0	0	0
Otu37	0	0	0	0	0	0	0	0	0	0	0	42	254	5	112	0	3	0	0	0	4	3	0	1	0	0	0	0	0	0	0	0	0	0	0	0	0	0	1	1	0	0	0	0	0	1	2557	1153	0	0
Otu305	0	0	0	0	0	0	0	0	0	0	0	71	0	22	0	0	0	0	0	4	0	0	0	0	0	0	0	0	0	0	0	0	0	0	0	0	0	0	0	0	0	0	0	0	0	0	0	0	0	0
Otu194	0	0	0	0	0	0	0	0	0	0	0	45	0	17	0	0	0	0	0	0	1	0	0	0	38	0	0	8	2	0	0	0	0	0	0	0	0	0	0	0	0	0	0	0	59	37	0	0	4	0
Otu110	0	0	0	0	0	0	0	0	0	0	0	32	0	8	0	0	0	0	0	0	1	0	0	0	457	0	0	172	0	0	0	4	0	0	0	0	0	0	0	0	0	0	0	0	0	0	0	0	0	0
Otu349	0	0	0	0	0	0	0	0	0	0	0	35	0	4	0	0	0	0	0	0	0	0	0	0	0	0	0	0	0	0	0	0	0	0	0	0	0	0	0	0	0	0	0	0	0	0	0	0	0	0
Otu350	0	0	0	0	0	0	0	0	0	0	0	14	0	3	0	0	0	0	0	0	12	12	0	0	41	0	0	3	0	0	0	0	0	0	0	0	0	0	0	0	0	0	0	0	2	2	0	0	0	0
Otu103	0	0	0	0	0	0	0	0	0	0	0	12	0	1	0	0	0	0	0	0	0	0	0	0	0	425	0	0	278	1	0	0	0	0	0	0	0	0	0	0	0	0	0	0	0	0	0	0	1	0
Otu319	0	0	0	0	0	0	0	0	0	0	0	1	0	0	0	0	0	0	0	0	0	0	0	0	0	5	7	0	3	0	0	0	0	0	0	0	1	4	0	0	0	0	0	0	12	0	0	0	0	0
Otu185	0	0	0	0	0	0	0	0	0	0	0	16	0	4	0	0	0	0	0	0	0	0	0	2	0	0	0	0	0	0	0	0	0	0	0	0	0	0	0	0	0	1	0	0	143	76	0	0	0	0
Otu344	0	0	0	0	0	0	0	0	0	0	0	7	11	0	5	0	0	0	0	0	0	0	0	0	5	0	0	1	0	0	0	0	0	0	0	0	0	0	0	0	0	0	0	0	0	0	0	0	0	0
Otu200	0	0	0	0	0	0	0	0	0	0	0	1	0	1	0	0	0	0	0	0	0	0	0	0	0	0	0	0	0	0	0	218	6	0	0	1	2	0	0	0	0	0	0	0	0	0	0	0	0	0
Otu412	0	0	0	0	0	0	0	0	0	0	0	4	0	0	0	1	0	0	0	0	79	47	0	0	0	0	0	0	0	0	0	0	0	0	0	0	0	0	0	0	0	0	0	0	0	0	0	0	0	0
Otu466	0	0	0	0	0	0	0	0	0	0	0	3	10	0	5	0	0	0	0	0	0	0	0	0	2	0	0	0	1	0	0	0	0	0	0	0	0	0	0	0	0	0	0	2	0	2	0	0	0	0
Otu150	0	0	0	0	0	0	0	0	0	0	0	2	3	0	0	0	1	0	0	0	0	0	0	0	189	0	0	51	0	0	0	0	0	0	1	0	0	0	0	0	0	0	0	0	0	0	0	0	0	0
Otu24	0	0	0	0	0	0	0	0	0	0	0	0	1281	0	570	0	0	0	0	0	1	0	2	0	2	3340	2	0	1955	0	1	0	1	2	0	2	0	1	0	1	0	1	0	0	862	592	0	0	0	0
Otu142	0	0	0	0	0	0	0	0	0	0	0	0	280	0	134	0	0	0	0	0	0	0	0	0	0	0	0	0	0	0	0	0	0	0	0	0	0	0	0	0	0	0	0	0	0	0	0	0	0	0
Otu214	0	0	0	0	0	0	0	0	0	0	0	0	4	0	4	0	0	0	0	0	0	0	0	0	0	2	0	0	3	0	0	0	0	0	0	0	0	0	0	0	0	0	0	0	143	154	0	0	0	0
Otu392	0	0	0	0	0	0	0	0	0	0	0	0	13	0	0	0	0	0	0	0	0	0	0	0	16	0	0	3	0	0	0	0	0	0	0	0	0	0	0	0	0	0	0	0	0	0	0	0	0	0
Otu333	0	0	0	0	0	0	0	0	0	0	0	0	12	0	8	0	0	0	0	0	0	0	0	0	0	0	0	0	0	0	0	0	0	0	0	0	0	0	0	0	0	0	0	0	0	0	0	0	0	0
Otu332	0	0	0	0	0	0	0	0	0	0	0	0	13	0	10	0	0	0	0	0	0	0	0	0	1	0	0	1	0	0	0	0	0	0	0	69	11	0	0	0	0	0	0	0	0	0	0	0	0	0
Otu455	0	0	0	0	0	0	0	0	0	0	0	0	2	0	0	0	0	0	5	0	0	0	0	0	0	0	0	0	0	2	0	0	0	0	0	0	0	0	0	0	0	0	0	0	0	0	0	0	0	0
Otu341	0	0	0	0	0	0	0	0	0	0	0	0	3	0	0	0	0	0	0	0	0	0	0	0	0	0	0	0	0	0	0	0	0	0	0	0	0	0	0	0	0	0	1	0	15	3	0	0	0	0
Otu422	0	0	0	0	0	0	0	0	0	0	0	0	0	0	1	0	0	0	0	0	0	0	0	0	0	0	0	0	0	0	0	0	0	0	0	0	0	0	0	0	0	0	10	0	2	3	0	0	0	0
Otu251	0	0	0	0	0	0	0	0	0	0	0	0	0	0	1	0	0	0	0	0	0	0	0	0	144	0	0	34	0	0	0	0	0	0	0	0	0	0	0	0	0	0	0	0	0	0	0	0	0	0
Otu388	0	0	0	0	0	0	0	0	0	0	0	0	0	0	1	0	0	0	0	0	0	0	0	0	0	0	0	0	0	0	0	0	0	14	2	0	0	0	0	0	0	0	0	0	10	10	0	0	0	0
Otu427	0	0	0	0	0	0	0	0	0	0	0	0	0	0	0	0	0	1	0	0	0	0	0	0	0	6	0	0	0	0	0	2	0	0	0	1	0	0	0	0	0	0	0	0	66	0	1	0	0	0
Otu122	0	0	0	0	0	0	0	0	0	0	0	0	0	0	0	0	0	0	1	0	84	37	0	0	19	0	0	6	0	0	0	0	0	0	0	0	2	0	0	1	0	0	0	0	257	158	0	0	1	0
Otu75	0	0	0	0	0	0	0	0	0	0	0	0	0	0	0	0	0	0	1	0	0	0	0	0	0	0	0	0	0	0	0	0	0	0	0	0	0	0	1	0	0	0	0	0	1135	1232	0	0	0	0
Otu430	0	0	0	0	0	0	0	0	0	0	0	0	0	0	0	0	0	0	0	0	21	6	0	0	29	0	0	5	0	0	0	0	0	0	0	0	0	0	0	0	0	0	0	0	0	0	0	0	0	0
Otu474	0	0	0	0	0	0	0	0	0	0	0	0	0	0	0	0	0	0	0	0	8	5	0	0	0	0	0	0	0	0	0	0	0	0	0	0	0	0	0	0	0	0	0	0	0	0	0	0	0	0
Otu331	0	0	0	0	0	0	0	0	0	0	0	0	0	0	0	0	0	0	0	0	37	11	0	0	0	0	0	0	0	0	0	0	0	0	0	0	0	0	0	0	0	0	0	0	0	0	0	0	0	0
Otu267	0	0	0	0	0	0	0	0	0	0	0	0	0	0	0	0	0	0	0	0	109	50	0	0	0	0	0	0	0	0	0	0	0	0	0	0	0	0	0	0	0	0	0	0	0	0	0	0	0	0
Otu401	0	0	0	0	0	0	0	0	0	0	0	0	0	0	0	0	0	0	0	0	1	2	0	0	6	32	0	2	19	0	0	0	0	0	0	0	0	0	0	0	0	0	0	0	0	0	0	0	0	0
Otu207	0	0	0	0	0	0	0	0	0	0	0	0	0	0	0	0	0	0	0	0	1	0	0	0	0	0	0	0	0	0	0	0	0	0	0	0	0	0	0	0	0	0	0	0	279	212	0	0	0	0
Otu437	0	0	0	0	0	0	0	0	0	0	0	0	0	0	0	0	0	0	0	0	0	1	0	0	0	0	0	0	1	0	0	0	0	0	0	0	0	0	0	0	0	0	0	0	7	27	0	0	0	0
Otu365	0	0	0	0	0	0	0	0	0	0	0	0	0	0	0	0	0	0	0	0	0	0	1	0	21	0	0	3	0	0	0	0	0	0	0	0	0	0	0	0	0	0	0	0	0	0	0	0	0	0
Otu278	0	0	0	0	0	0	0	0	0	0	0	0	0	0	0	0	0	0	0	0	0	0	0	0	121	0	0	26	0	0	0	1	0	0	0	0	0	0	0	0	0	0	0	0	0	0	0	0	0	0
Otu195	0	0	0	0	0	0	0	0	0	0	0	0	0	0	0	0	0	0	0	0	0	0	0	0	277	0	0	44	0	0	0	0	0	0	0	0	0	0	0	0	0	0	0	0	0	0	0	0	0	0
Otu442	0	0	0	0	0	0	0	0	0	0	0	0	0	0	0	0	0	0	0	0	0	0	0	0	4	0	0	0	0	0	0	0	0	0	0	0	0	0	0	0	0	0	0	1	16	6	0	0	0	0
Otu407	0	0	0	0	0	0	0	0	0	0	0	0	0	0	0	0	0	0	0	0	0	0	0	0	27	0	0	4	0	0	0	0	0	0	0	0	0	0	0	0	0	0	0	0	0	0	0	0	0	0
Otu309	0	0	0	0	0	0	0	0	0	0	0	0	0	0	0	0	0	0	0	0	0	0	0	0	69	0	0	21	0	0	0	0	0	0	0	0	0	0	0	0	0	0	0	0	0	0	0	0	0	0
Otu395	0	0	0	0	0	0	0	0	0	0	0	0	0	0	0	0	0	0	0	0	0	0	0	0	4	0	0	0	0	0	0	0	0	0	0	0	0	0	0	0	0	0	0	0	21	11	0	0	0	0
Otu464	0	0	0	0	0	0	0	0	0	0	0	0	0	0	0	0	0	0	0	0	0	0	0	0	19	0	0	10	0	0	0	0	0	0	0	0	0	0	0	0	0	0	0	0	0	0	0	0	0	0
Otu441	0	0	0	0	0	0	0	0	0	0	0	0	0	0	0	0	0	0	0	0	0	0	0	0	9	0	0	0	0	0	0	0	0	0	0	0	0	0	0	0	0	0	0	0	0	0	0	0	0	0
Otu334	0	0	0	0	0	0	0	0	0	0	0	0	0	0	0	0	0	0	0	0	0	0	0	0	4	11	0	0	12	0	0	0	0	0	0	5	0	0	0	0	0	0	0	0	0	0	17	3	0	0
Otu376	0	0	0	0	0	0	0	0	0	0	0	0	0	0	0	0	0	0	0	0	0	0	0	0	0	23	0	0	7	0	0	0	0	0	0	0	0	0	0	0	0	0	0	0	0	0	0	0	0	0
Otu355	0	0	0	0	0	0	0	0	0	0	0	0	0	0	0	0	0	0	0	0	0	0	0	0	0	27	0	0	26	0	0	0	0	0	0	0	0	0	0	0	0	0	0	0	0	0	0	0	0	0
Otu160	0	0	0	0	0	0	0	0	0	0	0	0	0	0	0	0	0	0	0	0	0	0	0	0	0	185	0	0	183	0	0	0	0	0	0	0	0	0	0	0	0	0	0	0	0	1	0	0	0	0
Otu399	0	0	0	0	0	0	0	0	0	0	0	0	0	0	0	0	0	0	0	0	0	0	0	0	0	18	0	0	15	0	0	0	0	0	0	1	0	0	0	0	0	0	0	0	0	0	0	0	0	0
Otu262	0	0	0	0	0	0	0	0	0	0	0	0	0	0	0	0	0	0	0	0	0	0	0	0	0	18	0	0	47	0	0	0	0	0	0	0	0	0	0	0	0	0	0	0	0	0	0	0	0	0
Otu459	0	0	0	0	0	0	0	0	0	0	0	0	0	0	0	0	0	0	0	0	0	0	0	0	0	2	0	0	7	0	0	0	0	0	0	0	0	0	0	0	0	0	0	0	2	0	0	0	0	0
Otu324	0	0	0	0	0	0	0	0	0	0	0	0	0	0	0	0	0	0	0	0	0	0	0	0	0	0	9	0	0	0	0	0	0	0	0	1	0	21	0	0	0	0	0	1	0	0	0	0	0	0
Otu303	0	0	0	0	0	0	0	0	0	0	0	0	0	0	0	0	0	0	0	0	0	0	0	0	0	0	14	0	0	0	0	32	0	0	0	0	0	11	0	0	0	0	0	0	0	0	0	0	0	0
Otu436	0	0	0	0	0	0	0	0	0	0	0	0	0	0	0	0	0	0	0	0	0	0	0	0	0	0	32	0	0	0	0	0	0	0	0	0	0	35	0	0	0	0	0	0	0	0	0	0	0	0
Otu438	0	0	0	0	0	0	0	0	0	0	0	0	0	0	0	0	0	0	0	0	0	0	0	0	0	0	0	0	0	2	0	0	0	0	0	0	0	1	0	0	0	0	0	0	0	1	0	0	0	0
Otu329	0	0	0	0	0	0	0	0	0	0	0	0	0	0	0	0	0	0	0	0	0	0	0	0	0	0	0	0	0	0	0	15	2	0	0	0	0	0	0	0	0	4	0	0	12	12	0	0	0	0
Otu434	0	0	0	0	0	0	0	0	0	0	0	0	0	0	0	0	0	0	0	0	0	0	0	0	0	0	0	0	0	0	0	0	0	31	30	0	0	0	0	0	0	0	0	0	0	0	0	0	0	0
Otu335	0	0	0	0	0	0	0	0	0	0	0	0	0	0	0	0	0	0	0	0	0	0	0	0	0	0	0	0	0	0	0	0	0	7	25	0	0	0	0	0	0	0	0	0	0	0	0	0	0	0
Otu163	0	0	0	0	0	0	0	0	0	0	0	0	0	0	0	0	0	0	0	0	0	0	0	0	0	0	0	0	0	0	0	0	0	0	0	0	0	0	0	42	0	359	0	0	0	0	0	0	0	0
Otu313	0	0	0	0	0	0	0	0	0	0	0	0	0	0	0	0	0	0	0	0	0	0	0	0	0	0	0	0	0	0	0	0	0	0	0	0	0	0	0	6	0	10	0	0	0	0	0	1	0	0
Otu453	0	0	0	0	0	0	0	0	0	0	0	0	0	0	0	0	0	0	0	0	0	0	0	0	0	0	0	0	0	0	0	0	0	0	0	0	0	0	0	2	0	28	0	0	0	0	0	0	0	0
Otu361	0	0	0	0	0	0	0	0	0	0	0	0	0	0	0	0	0	0	0	0	0	0	0	0	0	0	0	0	0	0	0	0	0	0	0	0	0	0	0	0	0	0	0	0	38	14	0	0	0	0
Otu359	0	0	0	0	0	0	0	0	0	0	0	0	0	0	0	0	0	0	0	0	0	0	0	0	0	0	0	0	0	0	0	0	0	0	0	0	0	0	0	0	0	0	0	0	21	16	0	0	0	0
Otu378	0	0	0	0	0	0	0	0	0	0	0	0	0	0	0	0	0	0	0	0	0	0	0	0	0	0	0	0	0	0	0	0	0	0	0	0	0	0	0	0	0	0	0	0	15	0	0	0	0	0
Otu450	0	0	0	0	0	0	0	0	0	0	0	0	0	0	0	0	0	0	0	0	0	0	0	0	0	0	0	0	0	0	0	0	0	0	0	0	0	0	0	0	0	0	0	0	3	2	0	0	0	0
Otu322	0	0	0	0	0	0	0	0	0	0	0	0	0	0	0	0	0	0	0	0	0	0	0	0	0	0	0	0	0	0	0	0	0	0	0	0	0	0	0	0	0	0	0	0	5	3	0	0	0	0
Otu379	0	0	0	0	0	0	0	0	0	0	0	0	0	0	0	0	0	0	0	0	0	0	0	0	0	0	0	0	0	0	0	0	0	0	0	0	0	0	0	0	0	0	0	0	4	0	0	0	0	0
Otu360	0	0	0	0	0	0	0	0	0	0	0	0	0	0	0	0	0	0	0	0	0	0	0	0	0	0	0	0	0	0	0	0	0	0	0	0	0	0	0	0	0	0	0	0	3	4	0	0	0	0
Otu471	0	0	0	0	0	0	0	0	0	0	0	0	0	0	0	0	0	0	0	0	0	0	0	0	0	0	0	0	0	0	0	0	0	0	0	0	0	0	0	0	0	0	0	0	2	2	0	0	0	0
Otu321	0	0	0	0	0	0	0	0	0	0	0	0	0	0	0	0	0	0	0	0	0	0	0	0	0	0	0	0	0	0	0	0	0	0	0	0	0	0	0	0	0	0	0	0	0	7	0	0	0	0
